design,method,lower_error_freq,upper_error_freq,coverage
1,AC,0.0092,0.0069,0.9839
1,CP,0.0055,0.0114,0.9831
1,wspoissonTest,0.0055,0.0114,0.9831
1,wspoissonTest_midp,0.0092,0.0114,0.9794
2,AC,0.0108,0.0092,0.98
2,CP,0.0066,0.0092,0.9842
2,wspoissonTest,0.0066,0.0092,0.9842
2,wspoissonTest_midp,0.0108,0.0139,0.9753
3,AC,0.0174,0.0069,0.9757
3,CP,0.0119,0.0112,0.9769
3,wspoissonTest,0.0119,0.0112,0.9769
3,wspoissonTest_midp,0.0119,0.0112,0.9769
4,AC,0.0161,0.0116,0.9723
4,CP,0.0123,0.0185,0.9692
4,wspoissonTest,0.0135,0.0116,0.9749
4,wspoissonTest_midp,0.0161,0.0185,0.9654
5,AC,0.0225,0.0127,0.9648
5,CP,0.0167,0.0193,0.964
5,wspoissonTest,0.0167,0.0193,0.964
5,wspoissonTest_midp,0.0223,0.0193,0.9584
6,AC,0.0221,0.0153,0.9626
6,CP,0.0178,0.0173,0.9649
6,wspoissonTest,0.0178,0.0173,0.9649
6,wspoissonTest_midp,0.0178,0.0173,0.9649
7,AC,0.0217,0.0155,0.9628
7,CP,0.0215,0.0155,0.963
7,wspoissonTest,0.0215,0.0155,0.963
7,wspoissonTest_midp,0.0215,0.0233,0.9552
8,AC,0.0287,0.0193,0.952
8,CP,0.0202,0.0193,0.9605
8,wspoissonTest,0.0202,0.0193,0.9605
8,wspoissonTest_midp,0.0202,0.0193,0.9605
9,AC,0.0225,0.0167,0.9608
9,CP,0.0191,0.0193,0.9616
9,wspoissonTest,0.0191,0.0191,0.9618
9,wspoissonTest_midp,0.0191,0.0193,0.9616
10,AC,0.0294,0.0179,0.9527
10,CP,0.0224,0.0179,0.9597
10,wspoissonTest,0.0224,0.0179,0.9597
10,wspoissonTest_midp,0.0224,0.0254,0.9522
11,AC,0.0249,0.0194,0.9557
11,CP,0.0176,0.0194,0.963
11,wspoissonTest,0.0176,0.0194,0.963
11,wspoissonTest_midp,0.0249,0.0263,0.9488
12,AC,0.0281,0.022,0.9499
12,CP,0.0255,0.0239,0.9506
12,wspoissonTest,0.0255,0.0238,0.9507
12,wspoissonTest_midp,0.0255,0.0239,0.9506
13,AC,0.0273,0.0222,0.9505
13,CP,0.0189,0.0222,0.9589
13,wspoissonTest,0.0189,0.0222,0.9589
13,wspoissonTest_midp,0.0273,0.023,0.9497
14,AC,0.0286,0.0178,0.9536
14,CP,0.0203,0.0178,0.9619
14,wspoissonTest,0.0203,0.0178,0.9619
14,wspoissonTest_midp,0.0286,0.0256,0.9458
15,AC,0.0278,0.0197,0.9525
15,CP,0.0232,0.022,0.9548
15,wspoissonTest,0.0232,0.0216,0.9552
15,wspoissonTest_midp,0.0232,0.022,0.9548
16,AC,0.0273,0.0214,0.9513
16,CP,0.0214,0.0214,0.9572
16,wspoissonTest,0.0218,0.0214,0.9568
16,wspoissonTest_midp,0.0273,0.0214,0.9513
17,AC,0.0292,0.018,0.9528
17,CP,0.0224,0.02,0.9576
17,wspoissonTest,0.0224,0.0188,0.9588
17,wspoissonTest_midp,0.0227,0.0248,0.9525
18,AC,0.0294,0.0211,0.9495
18,CP,0.0252,0.0228,0.952
18,wspoissonTest,0.0252,0.0226,0.9522
18,wspoissonTest_midp,0.0252,0.023,0.9518
19,AC,0.0135,0.0102,0.9763
19,CP,0.0088,0.0102,0.981
19,wspoissonTest,0.0088,0.0102,0.981
19,wspoissonTest_midp,0.0088,0.0102,0.981
20,AC,0.0171,0.008,0.9749
20,CP,0.0119,0.008,0.9801
20,wspoissonTest,0.0119,0.008,0.9801
20,wspoissonTest_midp,0.0119,0.0144,0.9737
21,AC,0.0108,0.0135,0.9757
21,CP,0.0108,0.0135,0.9757
21,wspoissonTest,0.0108,0.0135,0.9757
21,wspoissonTest_midp,0.0108,0.0135,0.9757
22,AC,0.0226,0.0161,0.9613
22,CP,0.0169,0.0161,0.967
22,wspoissonTest,0.0169,0.0161,0.967
22,wspoissonTest_midp,0.0169,0.0161,0.967
23,AC,0.0159,0.0142,0.9699
23,CP,0.0142,0.0142,0.9716
23,wspoissonTest,0.0152,0.0142,0.9706
23,wspoissonTest_midp,0.0159,0.0213,0.9628
24,AC,0.0232,0.0127,0.9641
24,CP,0.0155,0.0167,0.9678
24,wspoissonTest,0.0155,0.0156,0.9689
24,wspoissonTest_midp,0.0155,0.0172,0.9673
25,AC,0.0227,0.0178,0.9595
25,CP,0.02,0.0178,0.9622
25,wspoissonTest,0.0203,0.0178,0.9619
25,wspoissonTest_midp,0.0225,0.0253,0.9522
26,AC,0.0246,0.0146,0.9608
26,CP,0.0183,0.0146,0.9671
26,wspoissonTest,0.0183,0.0146,0.9671
26,wspoissonTest_midp,0.0246,0.0216,0.9538
27,AC,0.0294,0.0159,0.9547
27,CP,0.0228,0.0193,0.9579
27,wspoissonTest,0.0228,0.0184,0.9588
27,wspoissonTest_midp,0.023,0.0206,0.9564
28,AC,0.0253,0.0199,0.9548
28,CP,0.0185,0.0199,0.9616
28,wspoissonTest,0.0185,0.0199,0.9616
28,wspoissonTest_midp,0.0249,0.0199,0.9552
29,AC,0.0271,0.0162,0.9567
29,CP,0.0204,0.0218,0.9578
29,wspoissonTest,0.0204,0.0218,0.9578
29,wspoissonTest_midp,0.0263,0.0219,0.9518
30,AC,0.026,0.0184,0.9556
30,CP,0.0211,0.0213,0.9576
30,wspoissonTest,0.0211,0.0202,0.9587
30,wspoissonTest_midp,0.0213,0.0225,0.9562
31,AC,0.0279,0.0178,0.9543
31,CP,0.0219,0.0178,0.9603
31,wspoissonTest,0.0219,0.0178,0.9603
31,wspoissonTest_midp,0.0219,0.025,0.9531
32,AC,0.025,0.0186,0.9564
32,CP,0.0234,0.0186,0.958
32,wspoissonTest,0.0241,0.0186,0.9573
32,wspoissonTest_midp,0.0246,0.0199,0.9555
33,AC,0.0289,0.018,0.9531
33,CP,0.0236,0.0209,0.9555
33,wspoissonTest,0.0236,0.0199,0.9565
33,wspoissonTest_midp,0.0239,0.0223,0.9538
34,AC,0.0262,0.0218,0.952
34,CP,0.0199,0.0218,0.9583
34,wspoissonTest,0.0199,0.0218,0.9583
34,wspoissonTest_midp,0.026,0.0237,0.9503
35,AC,0.0289,0.018,0.9531
35,CP,0.0218,0.0183,0.9599
35,wspoissonTest,0.0218,0.0181,0.9601
35,wspoissonTest_midp,0.0276,0.0264,0.946
36,AC,0.0262,0.0194,0.9544
36,CP,0.0208,0.0218,0.9574
36,wspoissonTest,0.0208,0.0211,0.9581
36,wspoissonTest_midp,0.0213,0.023,0.9557
37,AC,0.0109,0.0091,0.98
37,CP,0.0079,0.0091,0.983
37,wspoissonTest,0.0079,0.0091,0.983
37,wspoissonTest_midp,0.0109,0.0141,0.975
38,AC,0.0167,0.0086,0.9747
38,CP,0.0116,0.0086,0.9798
38,wspoissonTest,0.0116,0.0086,0.9798
38,wspoissonTest_midp,0.0116,0.015,0.9734
39,AC,0.0122,0.0116,0.9762
39,CP,0.0122,0.0116,0.9762
39,wspoissonTest,0.0122,0.0116,0.9762
39,wspoissonTest_midp,0.0122,0.0116,0.9762
40,AC,0.0164,0.013,0.9706
40,CP,0.0117,0.013,0.9753
40,wspoissonTest,0.0117,0.013,0.9753
40,wspoissonTest_midp,0.0164,0.0208,0.9628
41,AC,0.0157,0.0128,0.9715
41,CP,0.0156,0.0139,0.9705
41,wspoissonTest,0.0157,0.0135,0.9708
41,wspoissonTest_midp,0.0157,0.0196,0.9647
42,AC,0.0195,0.0163,0.9642
42,CP,0.0172,0.0175,0.9653
42,wspoissonTest,0.0172,0.0171,0.9657
42,wspoissonTest_midp,0.0172,0.0175,0.9653
43,AC,0.0268,0.0219,0.9513
43,CP,0.0186,0.0219,0.9595
43,wspoissonTest,0.0186,0.0218,0.9596
43,wspoissonTest_midp,0.0187,0.0219,0.9594
44,AC,0.0239,0.0225,0.9536
44,CP,0.0174,0.0225,0.9601
44,wspoissonTest,0.0174,0.0225,0.9601
44,wspoissonTest_midp,0.0239,0.0225,0.9536
45,AC,0.0256,0.0201,0.9543
45,CP,0.0211,0.0212,0.9577
45,wspoissonTest,0.0212,0.0208,0.958
45,wspoissonTest_midp,0.0215,0.022,0.9565
46,AC,0.0252,0.0168,0.958
46,CP,0.021,0.0168,0.9622
46,wspoissonTest,0.0211,0.0168,0.9621
46,wspoissonTest_midp,0.0217,0.0227,0.9556
47,AC,0.026,0.0191,0.9549
47,CP,0.0248,0.0191,0.9561
47,wspoissonTest,0.0249,0.0191,0.956
47,wspoissonTest_midp,0.0251,0.0278,0.9471
48,AC,0.0273,0.0194,0.9533
48,CP,0.0219,0.0222,0.9559
48,wspoissonTest,0.022,0.021,0.957
48,wspoissonTest_midp,0.0229,0.0233,0.9538
49,AC,0.0247,0.02,0.9553
49,CP,0.0189,0.0235,0.9576
49,wspoissonTest,0.019,0.0205,0.9605
49,wspoissonTest_midp,0.0247,0.0263,0.949
50,AC,0.0299,0.0209,0.9492
50,CP,0.0219,0.0217,0.9564
50,wspoissonTest,0.0219,0.0216,0.9565
50,wspoissonTest_midp,0.0226,0.0217,0.9557
51,AC,0.0266,0.022,0.9514
51,CP,0.0211,0.0233,0.9556
51,wspoissonTest,0.0211,0.0225,0.9564
51,wspoissonTest_midp,0.0224,0.0244,0.9532
52,AC,0.0277,0.0207,0.9516
52,CP,0.0212,0.0208,0.958
52,wspoissonTest,0.0212,0.0207,0.9581
52,wspoissonTest_midp,0.0257,0.0257,0.9486
53,AC,0.0261,0.0177,0.9562
53,CP,0.0205,0.0178,0.9617
53,wspoissonTest,0.0205,0.0177,0.9618
53,wspoissonTest_midp,0.0259,0.0229,0.9512
54,AC,0.0258,0.0229,0.9513
54,CP,0.0212,0.0245,0.9543
54,wspoissonTest,0.0213,0.024,0.9547
54,wspoissonTest_midp,0.0224,0.0264,0.9512
55,AC,0.0097,0.0118,0.9785
55,CP,0.006,0.0118,0.9822
55,wspoissonTest,0.006,0.0118,0.9822
55,wspoissonTest_midp,0.0097,0.0118,0.9785
56,AC,0.0133,0.0123,0.9744
56,CP,0.0133,0.0123,0.9744
56,wspoissonTest,0.0133,0.0123,0.9744
56,wspoissonTest_midp,0.0133,0.0123,0.9744
57,AC,0.0117,0.0097,0.9786
57,CP,0.0081,0.0097,0.9822
57,wspoissonTest,0.0081,0.0097,0.9822
57,wspoissonTest_midp,0.0117,0.0097,0.9786
58,AC,0.0187,0.013,0.9683
58,CP,0.0144,0.0182,0.9674
58,wspoissonTest,0.0157,0.0122,0.9721
58,wspoissonTest_midp,0.0187,0.0182,0.9631
59,AC,0.0186,0.0173,0.9641
59,CP,0.0186,0.0173,0.9641
59,wspoissonTest,0.0186,0.0173,0.9641
59,wspoissonTest_midp,0.0186,0.0173,0.9641
60,AC,0.0178,0.0147,0.9675
60,CP,0.0145,0.0163,0.9692
60,wspoissonTest,0.0145,0.0153,0.9702
60,wspoissonTest_midp,0.016,0.0167,0.9673
61,AC,0.0232,0.0196,0.9572
61,CP,0.0182,0.0196,0.9622
61,wspoissonTest,0.0184,0.0195,0.9621
61,wspoissonTest_midp,0.0231,0.0198,0.9571
62,AC,0.0228,0.0168,0.9604
62,CP,0.0163,0.0168,0.9669
62,wspoissonTest,0.0163,0.0168,0.9669
62,wspoissonTest_midp,0.0228,0.0187,0.9585
63,AC,0.0235,0.0169,0.9596
63,CP,0.019,0.0192,0.9618
63,wspoissonTest,0.0192,0.0171,0.9637
63,wspoissonTest_midp,0.0204,0.0208,0.9588
64,AC,0.026,0.0202,0.9538
64,CP,0.0195,0.0205,0.96
64,wspoissonTest,0.0195,0.02,0.9605
64,wspoissonTest_midp,0.0204,0.021,0.9586
65,AC,0.027,0.0178,0.9552
65,CP,0.0234,0.0216,0.955
65,wspoissonTest,0.0237,0.0206,0.9557
65,wspoissonTest_midp,0.027,0.026,0.947
66,AC,0.0276,0.02,0.9524
66,CP,0.0221,0.0216,0.9563
66,wspoissonTest,0.0222,0.0204,0.9574
66,wspoissonTest_midp,0.0238,0.024,0.9522
67,AC,0.0296,0.0187,0.9517
67,CP,0.0227,0.0188,0.9585
67,wspoissonTest,0.0227,0.0187,0.9586
67,wspoissonTest_midp,0.0238,0.0222,0.954
68,AC,0.0257,0.0179,0.9564
68,CP,0.0199,0.0186,0.9615
68,wspoissonTest,0.0203,0.0185,0.9612
68,wspoissonTest_midp,0.0253,0.0248,0.9499
69,AC,0.0302,0.0183,0.9515
69,CP,0.0238,0.0195,0.9567
69,wspoissonTest,0.0239,0.0184,0.9577
69,wspoissonTest_midp,0.0263,0.0222,0.9515
70,AC,0.027,0.0181,0.9549
70,CP,0.0219,0.0193,0.9588
70,wspoissonTest,0.0219,0.0181,0.96
70,wspoissonTest_midp,0.023,0.0258,0.9512
71,AC,0.0287,0.0211,0.9502
71,CP,0.0235,0.0212,0.9553
71,wspoissonTest,0.0236,0.0212,0.9552
71,wspoissonTest_midp,0.0265,0.0233,0.9502
72,AC,0.0261,0.0219,0.952
72,CP,0.0212,0.0236,0.9552
72,wspoissonTest,0.0212,0.0223,0.9565
72,wspoissonTest_midp,0.0232,0.0255,0.9513
73,AC,0.0095,0.0082,0.9823
73,CP,0.0095,0.0082,0.9823
73,wspoissonTest,0.0095,0.0082,0.9823
73,wspoissonTest_midp,0.0095,0.0082,0.9823
74,AC,0.0148,0.0108,0.9744
74,CP,0.0099,0.0108,0.9793
74,wspoissonTest,0.0099,0.0108,0.9793
74,wspoissonTest_midp,0.0099,0.0151,0.975
75,AC,0.0143,0.0077,0.978
75,CP,0.0093,0.0077,0.983
75,wspoissonTest,0.0093,0.0077,0.983
75,wspoissonTest_midp,0.0143,0.0127,0.973
76,AC,0.0188,0.0156,0.9656
76,CP,0.0135,0.0156,0.9709
76,wspoissonTest,0.0135,0.0155,0.971
76,wspoissonTest_midp,0.0135,0.0156,0.9709
77,AC,0.0202,0.015,0.9648
77,CP,0.014,0.0153,0.9707
77,wspoissonTest,0.014,0.0153,0.9707
77,wspoissonTest_midp,0.0191,0.0166,0.9643
78,AC,0.0169,0.0167,0.9664
78,CP,0.014,0.0173,0.9687
78,wspoissonTest,0.014,0.0156,0.9704
78,wspoissonTest_midp,0.0168,0.0173,0.9659
79,AC,0.0276,0.0164,0.956
79,CP,0.0218,0.0164,0.9618
79,wspoissonTest,0.0218,0.0164,0.9618
79,wspoissonTest_midp,0.0222,0.0183,0.9595
80,AC,0.0287,0.0173,0.954
80,CP,0.0225,0.018,0.9595
80,wspoissonTest,0.0225,0.0178,0.9597
80,wspoissonTest_midp,0.0251,0.0207,0.9542
81,AC,0.0234,0.0184,0.9582
81,CP,0.0186,0.0199,0.9615
81,wspoissonTest,0.0187,0.0172,0.9641
81,wspoissonTest_midp,0.0209,0.0216,0.9575
82,AC,0.0261,0.0205,0.9534
82,CP,0.0203,0.0209,0.9588
82,wspoissonTest,0.0203,0.0183,0.9614
82,wspoissonTest_midp,0.0244,0.0211,0.9545
83,AC,0.0247,0.0187,0.9566
83,CP,0.0191,0.019,0.9619
83,wspoissonTest,0.0191,0.0188,0.9621
83,wspoissonTest_midp,0.0231,0.0227,0.9542
84,AC,0.0287,0.0195,0.9518
84,CP,0.0233,0.021,0.9557
84,wspoissonTest,0.0233,0.0191,0.9576
84,wspoissonTest_midp,0.0263,0.0238,0.9499
85,AC,0.0265,0.0186,0.9549
85,CP,0.0217,0.0195,0.9588
85,wspoissonTest,0.0218,0.0175,0.9607
85,wspoissonTest_midp,0.0252,0.0241,0.9507
86,AC,0.0284,0.018,0.9536
86,CP,0.0224,0.0182,0.9594
86,wspoissonTest,0.0224,0.018,0.9596
86,wspoissonTest_midp,0.0249,0.0203,0.9548
87,AC,0.0258,0.0194,0.9548
87,CP,0.0206,0.0209,0.9585
87,wspoissonTest,0.0206,0.0188,0.9606
87,wspoissonTest_midp,0.0227,0.0232,0.9541
88,AC,0.0273,0.0191,0.9536
88,CP,0.0221,0.0204,0.9575
88,wspoissonTest,0.0222,0.0183,0.9595
88,wspoissonTest_midp,0.0256,0.0232,0.9512
89,AC,0.0263,0.0188,0.9549
89,CP,0.02,0.02,0.96
89,wspoissonTest,0.02,0.0186,0.9614
89,wspoissonTest_midp,0.0226,0.0221,0.9553
90,AC,0.0267,0.0208,0.9525
90,CP,0.0218,0.0221,0.9561
90,wspoissonTest,0.022,0.0196,0.9584
90,wspoissonTest_midp,0.0248,0.0259,0.9493
91,AC,0.0116,0.0067,0.9817
91,CP,0.0076,0.0067,0.9857
91,wspoissonTest,0.0076,0.0067,0.9857
91,wspoissonTest_midp,0.0116,0.011,0.9774
92,AC,0.0167,0.0091,0.9742
92,CP,0.0108,0.0091,0.9801
92,wspoissonTest,0.0108,0.0091,0.9801
92,wspoissonTest_midp,0.0108,0.0153,0.9739
93,AC,0.0116,0.0116,0.9768
93,CP,0.0068,0.0116,0.9816
93,wspoissonTest,0.0068,0.0116,0.9816
93,wspoissonTest_midp,0.0116,0.0116,0.9768
94,AC,0.0161,0.0145,0.9694
94,CP,0.0141,0.0145,0.9714
94,wspoissonTest,0.0141,0.0145,0.9714
94,wspoissonTest_midp,0.0141,0.0145,0.9714
95,AC,0.0204,0.0138,0.9658
95,CP,0.0163,0.0144,0.9693
95,wspoissonTest,0.0167,0.0139,0.9694
95,wspoissonTest_midp,0.0183,0.0207,0.961
96,AC,0.0201,0.0129,0.967
96,CP,0.013,0.0146,0.9724
96,wspoissonTest,0.013,0.0128,0.9742
96,wspoissonTest_midp,0.0171,0.0196,0.9633
97,AC,0.0253,0.0198,0.9549
97,CP,0.0203,0.0198,0.9599
97,wspoissonTest,0.0203,0.0197,0.96
97,wspoissonTest_midp,0.0211,0.0223,0.9566
98,AC,0.0242,0.0189,0.9569
98,CP,0.0194,0.019,0.9616
98,wspoissonTest,0.0196,0.0189,0.9615
98,wspoissonTest_midp,0.0241,0.0238,0.9521
99,AC,0.0269,0.0159,0.9572
99,CP,0.0215,0.0171,0.9614
99,wspoissonTest,0.0215,0.0156,0.9629
99,wspoissonTest_midp,0.0237,0.019,0.9573
100,AC,0.027,0.0208,0.9522
100,CP,0.022,0.0213,0.9567
100,wspoissonTest,0.0221,0.019,0.9589
100,wspoissonTest_midp,0.0261,0.0217,0.9522
101,AC,0.0254,0.0194,0.9552
101,CP,0.0193,0.0196,0.9611
101,wspoissonTest,0.0194,0.0195,0.9611
101,wspoissonTest_midp,0.0247,0.0216,0.9537
102,AC,0.0267,0.0169,0.9564
102,CP,0.022,0.0185,0.9595
102,wspoissonTest,0.022,0.0161,0.9619
102,wspoissonTest_midp,0.0246,0.0201,0.9553
103,AC,0.025,0.0174,0.9576
103,CP,0.02,0.0188,0.9612
103,wspoissonTest,0.0201,0.0167,0.9632
103,wspoissonTest_midp,0.0239,0.0223,0.9538
104,AC,0.0281,0.0193,0.9526
104,CP,0.0209,0.0197,0.9594
104,wspoissonTest,0.0209,0.0195,0.9596
104,wspoissonTest_midp,0.0239,0.0227,0.9534
105,AC,0.028,0.0185,0.9535
105,CP,0.0233,0.0199,0.9568
105,wspoissonTest,0.0234,0.0183,0.9583
105,wspoissonTest_midp,0.0258,0.022,0.9522
106,AC,0.0268,0.0182,0.955
106,CP,0.0215,0.0199,0.9586
106,wspoissonTest,0.0218,0.017,0.9612
106,wspoissonTest_midp,0.0248,0.0222,0.953
107,AC,0.026,0.023,0.951
107,CP,0.0208,0.0243,0.9549
107,wspoissonTest,0.021,0.0229,0.9561
107,wspoissonTest_midp,0.0238,0.0269,0.9493
108,AC,0.0269,0.0204,0.9527
108,CP,0.0201,0.0219,0.958
108,wspoissonTest,0.0202,0.02,0.9598
108,wspoissonTest_midp,0.0239,0.0243,0.9518
109,AC,0.0096,0.0073,0.9831
109,CP,0.0064,0.0073,0.9863
109,wspoissonTest,0.0064,0.0073,0.9863
109,wspoissonTest_midp,0.0096,0.0104,0.98
110,AC,0.0153,0.0117,0.973
110,CP,0.0106,0.0117,0.9777
110,wspoissonTest,0.0106,0.0117,0.9777
110,wspoissonTest_midp,0.0153,0.0117,0.973
111,AC,0.0099,0.0101,0.98
111,CP,0.0099,0.0101,0.98
111,wspoissonTest,0.0099,0.0101,0.98
111,wspoissonTest_midp,0.0099,0.0101,0.98
112,AC,0.0186,0.0128,0.9686
112,CP,0.0146,0.0139,0.9715
112,wspoissonTest,0.0146,0.0118,0.9736
112,wspoissonTest_midp,0.0183,0.0169,0.9648
113,AC,0.0194,0.0157,0.9649
113,CP,0.0136,0.0157,0.9707
113,wspoissonTest,0.0136,0.0157,0.9707
113,wspoissonTest_midp,0.0194,0.0157,0.9649
114,AC,0.0202,0.0157,0.9641
114,CP,0.0152,0.0165,0.9683
114,wspoissonTest,0.0156,0.0151,0.9693
114,wspoissonTest_midp,0.0174,0.0196,0.963
115,AC,0.0234,0.0164,0.9602
115,CP,0.0177,0.0176,0.9647
115,wspoissonTest,0.0178,0.0143,0.9679
115,wspoissonTest_midp,0.0204,0.0197,0.9599
116,AC,0.0223,0.0153,0.9624
116,CP,0.0196,0.0179,0.9625
116,wspoissonTest,0.0198,0.0172,0.963
116,wspoissonTest_midp,0.0213,0.0226,0.9561
117,AC,0.0252,0.0181,0.9567
117,CP,0.0204,0.0186,0.961
117,wspoissonTest,0.0204,0.0177,0.9619
117,wspoissonTest_midp,0.0234,0.0207,0.9559
118,AC,0.0279,0.0201,0.952
118,CP,0.0239,0.0208,0.9553
118,wspoissonTest,0.0241,0.0197,0.9562
118,wspoissonTest_midp,0.026,0.0235,0.9505
119,AC,0.0287,0.0205,0.9508
119,CP,0.0204,0.0215,0.9581
119,wspoissonTest,0.0204,0.021,0.9586
119,wspoissonTest_midp,0.023,0.0231,0.9539
120,AC,0.026,0.0185,0.9555
120,CP,0.02,0.0198,0.9602
120,wspoissonTest,0.0202,0.0183,0.9615
120,wspoissonTest_midp,0.0233,0.0231,0.9536
121,AC,0.0277,0.0178,0.9545
121,CP,0.0208,0.0189,0.9603
121,wspoissonTest,0.0209,0.0164,0.9627
121,wspoissonTest_midp,0.0254,0.0214,0.9532
122,AC,0.0303,0.018,0.9517
122,CP,0.0219,0.0191,0.959
122,wspoissonTest,0.022,0.0182,0.9598
122,wspoissonTest_midp,0.0274,0.0232,0.9494
123,AC,0.0262,0.0212,0.9526
123,CP,0.0199,0.0224,0.9577
123,wspoissonTest,0.0199,0.0203,0.9598
123,wspoissonTest_midp,0.0233,0.0254,0.9513
124,AC,0.0283,0.0204,0.9513
124,CP,0.0233,0.0214,0.9553
124,wspoissonTest,0.0234,0.0195,0.9571
124,wspoissonTest_midp,0.0263,0.0239,0.9498
125,AC,0.0263,0.0213,0.9524
125,CP,0.0211,0.0221,0.9568
125,wspoissonTest,0.0211,0.0211,0.9578
125,wspoissonTest_midp,0.0244,0.0253,0.9503
126,AC,0.0285,0.0223,0.9492
126,CP,0.0205,0.0228,0.9567
126,wspoissonTest,0.0208,0.0217,0.9575
126,wspoissonTest_midp,0.0253,0.0252,0.9495
127,AC,0.0106,0.009,0.9804
127,CP,0.0074,0.009,0.9836
127,wspoissonTest,0.0074,0.009,0.9836
127,wspoissonTest_midp,0.0106,0.009,0.9804
128,AC,0.0123,0.0112,0.9765
128,CP,0.0123,0.0112,0.9765
128,wspoissonTest,0.0123,0.0112,0.9765
128,wspoissonTest_midp,0.0123,0.0112,0.9765
129,AC,0.0109,0.0119,0.9772
129,CP,0.0109,0.0119,0.9772
129,wspoissonTest,0.0109,0.0076,0.9815
129,wspoissonTest_midp,0.0109,0.0119,0.9772
130,AC,0.0191,0.0129,0.968
130,CP,0.0141,0.013,0.9729
130,wspoissonTest,0.0141,0.0129,0.973
130,wspoissonTest_midp,0.0178,0.0158,0.9664
131,AC,0.0228,0.0153,0.9619
131,CP,0.0149,0.0153,0.9698
131,wspoissonTest,0.0149,0.0153,0.9698
131,wspoissonTest_midp,0.0153,0.0217,0.963
132,AC,0.0215,0.0137,0.9648
132,CP,0.0174,0.015,0.9676
132,wspoissonTest,0.0174,0.0133,0.9693
132,wspoissonTest_midp,0.0189,0.0172,0.9639
133,AC,0.026,0.0157,0.9583
133,CP,0.0189,0.0165,0.9646
133,wspoissonTest,0.0189,0.0151,0.966
133,wspoissonTest_midp,0.0257,0.0208,0.9535
134,AC,0.0238,0.0181,0.9581
134,CP,0.0189,0.0183,0.9628
134,wspoissonTest,0.0189,0.0181,0.963
134,wspoissonTest_midp,0.0197,0.0228,0.9575
135,AC,0.0221,0.0193,0.9586
135,CP,0.0171,0.0207,0.9622
135,wspoissonTest,0.0173,0.0182,0.9645
135,wspoissonTest_midp,0.0201,0.0231,0.9568
136,AC,0.0258,0.0189,0.9553
136,CP,0.0212,0.0192,0.9596
136,wspoissonTest,0.0212,0.0188,0.96
136,wspoissonTest_midp,0.0229,0.0231,0.954
137,AC,0.028,0.019,0.953
137,CP,0.0237,0.0192,0.9571
137,wspoissonTest,0.024,0.019,0.957
137,wspoissonTest_midp,0.0269,0.0233,0.9498
138,AC,0.0266,0.0184,0.955
138,CP,0.0212,0.0194,0.9594
138,wspoissonTest,0.0212,0.0179,0.9609
138,wspoissonTest_midp,0.0243,0.0223,0.9534
139,AC,0.0268,0.0173,0.9559
139,CP,0.0214,0.0187,0.9599
139,wspoissonTest,0.0216,0.0166,0.9618
139,wspoissonTest_midp,0.0261,0.0219,0.952
140,AC,0.0264,0.0204,0.9532
140,CP,0.0201,0.0217,0.9582
140,wspoissonTest,0.0201,0.0204,0.9595
140,wspoissonTest_midp,0.0234,0.0264,0.9502
141,AC,0.0269,0.0207,0.9524
141,CP,0.0211,0.0219,0.957
141,wspoissonTest,0.0214,0.0201,0.9585
141,wspoissonTest_midp,0.0247,0.025,0.9503
142,AC,0.0268,0.0184,0.9548
142,CP,0.0199,0.0194,0.9607
142,wspoissonTest,0.02,0.0178,0.9622
142,wspoissonTest_midp,0.024,0.0217,0.9543
143,AC,0.0272,0.0198,0.953
143,CP,0.0208,0.0213,0.9579
143,wspoissonTest,0.0208,0.0197,0.9595
143,wspoissonTest_midp,0.0249,0.0252,0.9499
144,AC,0.0267,0.0192,0.9541
144,CP,0.0202,0.0203,0.9595
144,wspoissonTest,0.0204,0.0189,0.9607
144,wspoissonTest_midp,0.0233,0.0228,0.9539
145,AC,0.011,0.0093,0.9797
145,CP,0.008,0.0093,0.9827
145,wspoissonTest,0.008,0.0053,0.9867
145,wspoissonTest_midp,0.011,0.0093,0.9797
146,AC,0.014,0.01,0.976
146,CP,0.014,0.01,0.976
146,wspoissonTest,0.014,0.01,0.976
146,wspoissonTest_midp,0.014,0.0179,0.9681
147,AC,0.0103,0.0118,0.9779
147,CP,0.0103,0.0118,0.9779
147,wspoissonTest,0.0103,0.0073,0.9824
147,wspoissonTest_midp,0.0103,0.0118,0.9779
148,AC,0.0201,0.0137,0.9662
148,CP,0.014,0.0144,0.9716
148,wspoissonTest,0.014,0.012,0.974
148,wspoissonTest_midp,0.0185,0.0155,0.966
149,AC,0.0218,0.0177,0.9605
149,CP,0.0145,0.0183,0.9672
149,wspoissonTest,0.0145,0.0183,0.9672
149,wspoissonTest_midp,0.0148,0.0183,0.9669
150,AC,0.0201,0.0141,0.9658
150,CP,0.0142,0.0144,0.9714
150,wspoissonTest,0.0142,0.0138,0.972
150,wspoissonTest_midp,0.0168,0.0166,0.9666
151,AC,0.0245,0.019,0.9565
151,CP,0.019,0.0194,0.9616
151,wspoissonTest,0.0192,0.0169,0.9639
151,wspoissonTest_midp,0.0226,0.0208,0.9566
152,AC,0.0259,0.0169,0.9572
152,CP,0.0212,0.0177,0.9611
152,wspoissonTest,0.0215,0.0176,0.9609
152,wspoissonTest_midp,0.0252,0.0191,0.9557
153,AC,0.0252,0.0178,0.957
153,CP,0.019,0.0188,0.9622
153,wspoissonTest,0.019,0.0167,0.9643
153,wspoissonTest_midp,0.0233,0.0208,0.9559
154,AC,0.0269,0.0203,0.9528
154,CP,0.0208,0.021,0.9582
154,wspoissonTest,0.021,0.0179,0.9611
154,wspoissonTest_midp,0.0244,0.023,0.9526
155,AC,0.0271,0.017,0.9559
155,CP,0.0211,0.0181,0.9608
155,wspoissonTest,0.0211,0.0172,0.9617
155,wspoissonTest_midp,0.0247,0.0229,0.9524
156,AC,0.0274,0.0174,0.9552
156,CP,0.0212,0.0186,0.9602
156,wspoissonTest,0.0214,0.0166,0.962
156,wspoissonTest_midp,0.025,0.0222,0.9528
157,AC,0.0264,0.0205,0.9531
157,CP,0.0205,0.0217,0.9578
157,wspoissonTest,0.0205,0.0179,0.9616
157,wspoissonTest_midp,0.0238,0.0237,0.9525
158,AC,0.0284,0.0191,0.9525
158,CP,0.0223,0.0199,0.9578
158,wspoissonTest,0.0223,0.019,0.9587
158,wspoissonTest_midp,0.0261,0.0228,0.9511
159,AC,0.0285,0.0177,0.9538
159,CP,0.022,0.0186,0.9594
159,wspoissonTest,0.0221,0.0168,0.9611
159,wspoissonTest_midp,0.0267,0.021,0.9523
160,AC,0.0258,0.0233,0.9509
160,CP,0.0208,0.024,0.9552
160,wspoissonTest,0.0208,0.0218,0.9574
160,wspoissonTest_midp,0.0241,0.0267,0.9492
161,AC,0.0278,0.0202,0.952
161,CP,0.021,0.021,0.958
161,wspoissonTest,0.021,0.0196,0.9594
161,wspoissonTest_midp,0.0251,0.0233,0.9516
162,AC,0.0274,0.0178,0.9548
162,CP,0.0213,0.0184,0.9603
162,wspoissonTest,0.0215,0.0171,0.9614
162,wspoissonTest_midp,0.0253,0.0213,0.9534
163,AC,0.0113,0.0078,0.9809
163,CP,0.0082,0.0078,0.984
163,wspoissonTest,0.0082,0.0078,0.984
163,wspoissonTest_midp,0.0082,0.0078,0.984
164,AC,0.0123,0.0097,0.978
164,CP,0.0123,0.0097,0.978
164,wspoissonTest,0.0123,0.0097,0.978
164,wspoissonTest_midp,0.0123,0.0155,0.9722
165,AC,0.0117,0.01,0.9783
165,CP,0.0077,0.01,0.9823
165,wspoissonTest,0.0077,0.01,0.9823
165,wspoissonTest_midp,0.0117,0.01,0.9783
166,AC,0.0165,0.0146,0.9689
166,CP,0.0133,0.0152,0.9715
166,wspoissonTest,0.0133,0.0108,0.9759
166,wspoissonTest_midp,0.0152,0.0152,0.9696
167,AC,0.0213,0.0147,0.964
167,CP,0.0152,0.0209,0.9639
167,wspoissonTest,0.0152,0.0205,0.9643
167,wspoissonTest_midp,0.0213,0.0216,0.9571
168,AC,0.0187,0.0134,0.9679
168,CP,0.0137,0.0144,0.9719
168,wspoissonTest,0.0137,0.0125,0.9738
168,wspoissonTest_midp,0.0169,0.0158,0.9673
169,AC,0.0224,0.017,0.9606
169,CP,0.0187,0.0173,0.964
169,wspoissonTest,0.0188,0.0147,0.9665
169,wspoissonTest_midp,0.021,0.0176,0.9614
170,AC,0.0266,0.0166,0.9568
170,CP,0.0201,0.0174,0.9625
170,wspoissonTest,0.0201,0.017,0.9629
170,wspoissonTest_midp,0.0248,0.0226,0.9526
171,AC,0.0272,0.0192,0.9536
171,CP,0.0214,0.0194,0.9592
171,wspoissonTest,0.0215,0.0185,0.96
171,wspoissonTest_midp,0.0257,0.0211,0.9532
172,AC,0.0262,0.0193,0.9545
172,CP,0.0206,0.0197,0.9597
172,wspoissonTest,0.0206,0.0164,0.963
172,wspoissonTest_midp,0.0248,0.0209,0.9543
173,AC,0.0285,0.0204,0.9511
173,CP,0.022,0.022,0.956
173,wspoissonTest,0.022,0.0214,0.9566
173,wspoissonTest_midp,0.0265,0.0244,0.9491
174,AC,0.0266,0.0176,0.9558
174,CP,0.0205,0.0187,0.9608
174,wspoissonTest,0.0205,0.0166,0.9629
174,wspoissonTest_midp,0.0245,0.0211,0.9544
175,AC,0.0289,0.0188,0.9523
175,CP,0.0214,0.0191,0.9595
175,wspoissonTest,0.0214,0.0172,0.9614
175,wspoissonTest_midp,0.0265,0.0218,0.9517
176,AC,0.0266,0.0206,0.9528
176,CP,0.0211,0.0221,0.9568
176,wspoissonTest,0.0211,0.0205,0.9584
176,wspoissonTest_midp,0.0238,0.0261,0.9501
177,AC,0.0268,0.0179,0.9553
177,CP,0.0208,0.0187,0.9605
177,wspoissonTest,0.0208,0.0165,0.9627
177,wspoissonTest_midp,0.0249,0.0204,0.9547
178,AC,0.0252,0.0214,0.9534
178,CP,0.0202,0.0224,0.9574
178,wspoissonTest,0.0203,0.0199,0.9598
178,wspoissonTest_midp,0.0235,0.0252,0.9513
179,AC,0.0299,0.0202,0.9499
179,CP,0.0223,0.0217,0.956
179,wspoissonTest,0.0224,0.02,0.9576
179,wspoissonTest_midp,0.0266,0.0251,0.9483
180,AC,0.0269,0.0172,0.9559
180,CP,0.0208,0.0186,0.9606
180,wspoissonTest,0.0209,0.0166,0.9625
180,wspoissonTest_midp,0.0248,0.021,0.9542
181,AC,0.0095,0.008,0.9825
181,CP,0.0066,0.008,0.9854
181,wspoissonTest,0.0066,0.005,0.9884
181,wspoissonTest_midp,0.0095,0.008,0.9825
182,AC,0.0151,0.0097,0.9752
182,CP,0.0101,0.0097,0.9802
182,wspoissonTest,0.0101,0.0097,0.9802
182,wspoissonTest_midp,0.0151,0.0158,0.9691
183,AC,0.0126,0.0102,0.9772
183,CP,0.0094,0.0102,0.9804
183,wspoissonTest,0.0094,0.0102,0.9804
183,wspoissonTest_midp,0.0126,0.0102,0.9772
184,AC,0.0196,0.0141,0.9663
184,CP,0.0151,0.0146,0.9703
184,wspoissonTest,0.0151,0.0107,0.9742
184,wspoissonTest_midp,0.0169,0.0146,0.9685
185,AC,0.0236,0.0132,0.9632
185,CP,0.0163,0.0132,0.9705
185,wspoissonTest,0.0163,0.0132,0.9705
185,wspoissonTest_midp,0.0236,0.0201,0.9563
186,AC,0.0197,0.0125,0.9678
186,CP,0.0144,0.0138,0.9718
186,wspoissonTest,0.0144,0.0125,0.9731
186,wspoissonTest_midp,0.0174,0.0172,0.9654
187,AC,0.0218,0.0182,0.96
187,CP,0.0169,0.0192,0.9639
187,wspoissonTest,0.0169,0.0162,0.9669
187,wspoissonTest_midp,0.0203,0.0207,0.959
188,AC,0.0265,0.0164,0.9571
188,CP,0.0182,0.0228,0.959
188,wspoissonTest,0.0182,0.022,0.9598
188,wspoissonTest_midp,0.0182,0.0243,0.9575
189,AC,0.0237,0.0185,0.9578
189,CP,0.0176,0.019,0.9634
189,wspoissonTest,0.0176,0.018,0.9644
189,wspoissonTest_midp,0.0217,0.0209,0.9574
190,AC,0.0296,0.0201,0.9503
190,CP,0.0236,0.0206,0.9558
190,wspoissonTest,0.0238,0.0182,0.958
190,wspoissonTest_midp,0.0284,0.0219,0.9497
191,AC,0.0268,0.0177,0.9555
191,CP,0.0227,0.0192,0.9581
191,wspoissonTest,0.0229,0.0186,0.9585
191,wspoissonTest_midp,0.0241,0.0241,0.9518
192,AC,0.0251,0.019,0.9559
192,CP,0.0189,0.0197,0.9614
192,wspoissonTest,0.0189,0.018,0.9631
192,wspoissonTest_midp,0.0227,0.0229,0.9544
193,AC,0.0238,0.0198,0.9564
193,CP,0.0183,0.0205,0.9612
193,wspoissonTest,0.0185,0.0185,0.963
193,wspoissonTest_midp,0.0228,0.0223,0.9549
194,AC,0.0277,0.0198,0.9525
194,CP,0.0223,0.0205,0.9572
194,wspoissonTest,0.0225,0.02,0.9575
194,wspoissonTest_midp,0.0264,0.0241,0.9495
195,AC,0.0275,0.0214,0.9511
195,CP,0.0202,0.0222,0.9576
195,wspoissonTest,0.0202,0.0206,0.9592
195,wspoissonTest_midp,0.0247,0.0251,0.9502
196,AC,0.0264,0.0192,0.9544
196,CP,0.0211,0.0206,0.9583
196,wspoissonTest,0.0211,0.0189,0.96
196,wspoissonTest_midp,0.0244,0.0235,0.9521
197,AC,0.0272,0.0189,0.9539
197,CP,0.02,0.0201,0.9599
197,wspoissonTest,0.0202,0.0188,0.961
197,wspoissonTest_midp,0.0248,0.0235,0.9517
198,AC,0.0287,0.0174,0.9539
198,CP,0.0222,0.0182,0.9596
198,wspoissonTest,0.0223,0.0167,0.961
198,wspoissonTest_midp,0.0264,0.0213,0.9523
199,AC,0.0073,0.0043,0.9884
199,CP,0.0048,0.0071,0.9881
199,wspoissonTest,0.0048,0.0043,0.9909
199,wspoissonTest_midp,0.0073,0.0043,0.9884
200,AC,0.0184,0.0093,0.9723
200,CP,0.0115,0.0093,0.9792
200,wspoissonTest,0.0115,0.0093,0.9792
200,wspoissonTest_midp,0.0115,0.0166,0.9719
201,AC,0.0126,0.0082,0.9792
201,CP,0.0085,0.0082,0.9833
201,wspoissonTest,0.0085,0.0082,0.9833
201,wspoissonTest_midp,0.0126,0.0082,0.9792
202,AC,0.0205,0.0128,0.9667
202,CP,0.016,0.0138,0.9702
202,wspoissonTest,0.016,0.0107,0.9733
202,wspoissonTest_midp,0.0199,0.0128,0.9673
203,AC,0.0209,0.013,0.9661
203,CP,0.0134,0.018,0.9686
203,wspoissonTest,0.0134,0.018,0.9686
203,wspoissonTest_midp,0.0209,0.0189,0.9602
204,AC,0.0197,0.0135,0.9668
204,CP,0.0144,0.0139,0.9717
204,wspoissonTest,0.0144,0.0126,0.973
204,wspoissonTest_midp,0.0183,0.0152,0.9665
205,AC,0.0253,0.0162,0.9585
205,CP,0.0197,0.0167,0.9636
205,wspoissonTest,0.0197,0.0125,0.9678
205,wspoissonTest_midp,0.0246,0.0167,0.9587
206,AC,0.026,0.0168,0.9572
206,CP,0.0187,0.0182,0.9631
206,wspoissonTest,0.0188,0.0172,0.964
206,wspoissonTest_midp,0.0221,0.024,0.9539
207,AC,0.0264,0.018,0.9556
207,CP,0.0212,0.0187,0.9601
207,wspoissonTest,0.0213,0.0159,0.9628
207,wspoissonTest_midp,0.0251,0.0201,0.9548
208,AC,0.0275,0.0174,0.9551
208,CP,0.0215,0.0179,0.9606
208,wspoissonTest,0.0219,0.0143,0.9638
208,wspoissonTest_midp,0.0263,0.0184,0.9553
209,AC,0.0274,0.017,0.9556
209,CP,0.0205,0.0179,0.9616
209,wspoissonTest,0.0205,0.0168,0.9627
209,wspoissonTest_midp,0.0249,0.0201,0.955
210,AC,0.0269,0.0195,0.9536
210,CP,0.0203,0.0202,0.9595
210,wspoissonTest,0.0203,0.0174,0.9623
210,wspoissonTest_midp,0.0246,0.0217,0.9537
211,AC,0.0302,0.0196,0.9502
211,CP,0.0232,0.0202,0.9566
211,wspoissonTest,0.0233,0.0166,0.9601
211,wspoissonTest_midp,0.0277,0.0208,0.9515
212,AC,0.0296,0.0176,0.9528
212,CP,0.0219,0.0185,0.9596
212,wspoissonTest,0.0221,0.0167,0.9612
212,wspoissonTest_midp,0.0269,0.0214,0.9517
213,AC,0.0285,0.021,0.9505
213,CP,0.0212,0.0219,0.9569
213,wspoissonTest,0.0213,0.0189,0.9598
213,wspoissonTest_midp,0.0261,0.0231,0.9508
214,AC,0.0268,0.0204,0.9528
214,CP,0.0198,0.0215,0.9587
214,wspoissonTest,0.0198,0.0174,0.9628
214,wspoissonTest_midp,0.0252,0.0236,0.9512
215,AC,0.0271,0.0179,0.955
215,CP,0.0204,0.0189,0.9607
215,wspoissonTest,0.0205,0.0162,0.9633
215,wspoissonTest_midp,0.0252,0.0213,0.9535
216,AC,0.0263,0.0218,0.9519
216,CP,0.0206,0.0223,0.9571
216,wspoissonTest,0.0208,0.0193,0.9599
216,wspoissonTest_midp,0.0244,0.0239,0.9517
217,AC,0.0081,0.0058,0.9861
217,CP,0.0046,0.0077,0.9877
217,wspoissonTest,0.0046,0.0058,0.9896
217,wspoissonTest_midp,0.0081,0.0058,0.9861
218,AC,0.0161,0.0091,0.9748
218,CP,0.0105,0.0157,0.9738
218,wspoissonTest,0.0105,0.0157,0.9738
218,wspoissonTest_midp,0.0161,0.0157,0.9682
219,AC,0.0143,0.0093,0.9764
219,CP,0.0103,0.0093,0.9804
219,wspoissonTest,0.0103,0.0093,0.9804
219,wspoissonTest_midp,0.0143,0.0093,0.9764
220,AC,0.0169,0.0137,0.9694
220,CP,0.012,0.0143,0.9737
220,wspoissonTest,0.012,0.0101,0.9779
220,wspoissonTest_midp,0.0169,0.0137,0.9694
221,AC,0.0214,0.0123,0.9663
221,CP,0.0144,0.0148,0.9708
221,wspoissonTest,0.0144,0.0136,0.972
221,wspoissonTest_midp,0.017,0.0196,0.9634
222,AC,0.0202,0.0134,0.9664
222,CP,0.0159,0.0138,0.9703
222,wspoissonTest,0.0159,0.0131,0.971
222,wspoissonTest_midp,0.0189,0.0156,0.9655
223,AC,0.0241,0.0177,0.9582
223,CP,0.0199,0.0183,0.9618
223,wspoissonTest,0.0199,0.0133,0.9668
223,wspoissonTest_midp,0.0234,0.0181,0.9585
224,AC,0.0294,0.0174,0.9532
224,CP,0.0228,0.0187,0.9585
224,wspoissonTest,0.0229,0.0178,0.9593
224,wspoissonTest_midp,0.0245,0.0243,0.9512
225,AC,0.0226,0.0196,0.9578
225,CP,0.0177,0.0206,0.9617
225,wspoissonTest,0.0177,0.0183,0.964
225,wspoissonTest_midp,0.0211,0.0225,0.9564
226,AC,0.0261,0.0215,0.9524
226,CP,0.0211,0.0223,0.9566
226,wspoissonTest,0.0212,0.0174,0.9614
226,wspoissonTest_midp,0.0252,0.0227,0.9521
227,AC,0.0257,0.0169,0.9574
227,CP,0.0203,0.0184,0.9613
227,wspoissonTest,0.0204,0.0169,0.9627
227,wspoissonTest_midp,0.0231,0.0213,0.9556
228,AC,0.0282,0.0197,0.9521
228,CP,0.0217,0.0207,0.9576
228,wspoissonTest,0.0218,0.0176,0.9606
228,wspoissonTest_midp,0.0258,0.022,0.9522
229,AC,0.0259,0.0218,0.9523
229,CP,0.0209,0.0229,0.9562
229,wspoissonTest,0.0209,0.0185,0.9606
229,wspoissonTest_midp,0.0243,0.0241,0.9516
230,AC,0.0274,0.0192,0.9534
230,CP,0.0215,0.0199,0.9586
230,wspoissonTest,0.0216,0.0178,0.9606
230,wspoissonTest_midp,0.0244,0.0225,0.9531
231,AC,0.0295,0.0203,0.9502
231,CP,0.0242,0.0208,0.955
231,wspoissonTest,0.0242,0.0179,0.9579
231,wspoissonTest_midp,0.0277,0.0223,0.95
232,AC,0.0285,0.0203,0.9512
232,CP,0.0231,0.0215,0.9554
232,wspoissonTest,0.0231,0.0178,0.9591
232,wspoissonTest_midp,0.0273,0.0229,0.9498
233,AC,0.0273,0.0183,0.9544
233,CP,0.0213,0.0192,0.9595
233,wspoissonTest,0.0214,0.0172,0.9614
233,wspoissonTest_midp,0.0256,0.022,0.9524
234,AC,0.0283,0.0181,0.9536
234,CP,0.023,0.0192,0.9578
234,wspoissonTest,0.0231,0.0162,0.9607
234,wspoissonTest_midp,0.0267,0.0215,0.9518
235,AC,0.0082,0.0061,0.9857
235,CP,0.0055,0.0061,0.9884
235,wspoissonTest,0.0055,0.0042,0.9903
235,wspoissonTest_midp,0.0082,0.0042,0.9876
236,AC,0.0168,0.0137,0.9695
236,CP,0.012,0.0137,0.9743
236,wspoissonTest,0.012,0.0137,0.9743
236,wspoissonTest_midp,0.0168,0.0137,0.9695
237,AC,0.0172,0.0072,0.9756
237,CP,0.0114,0.0116,0.977
237,wspoissonTest,0.0114,0.0072,0.9814
237,wspoissonTest_midp,0.0114,0.0116,0.977
238,AC,0.0166,0.0137,0.9697
238,CP,0.0136,0.0144,0.972
238,wspoissonTest,0.0136,0.0102,0.9762
238,wspoissonTest_midp,0.0164,0.0137,0.9699
239,AC,0.0224,0.0152,0.9624
239,CP,0.0169,0.0157,0.9674
239,wspoissonTest,0.0169,0.0157,0.9674
239,wspoissonTest_midp,0.0181,0.0178,0.9641
240,AC,0.0186,0.0139,0.9675
240,CP,0.0144,0.015,0.9706
240,wspoissonTest,0.0144,0.0131,0.9725
240,wspoissonTest_midp,0.0177,0.0158,0.9665
241,AC,0.0203,0.0198,0.9599
241,CP,0.0175,0.0204,0.9621
241,wspoissonTest,0.0175,0.0152,0.9673
241,wspoissonTest_midp,0.0196,0.0202,0.9602
242,AC,0.0262,0.0168,0.957
242,CP,0.0175,0.0181,0.9644
242,wspoissonTest,0.0177,0.017,0.9653
242,wspoissonTest_midp,0.0221,0.0201,0.9578
243,AC,0.0254,0.0186,0.956
243,CP,0.0193,0.0192,0.9615
243,wspoissonTest,0.0193,0.0169,0.9638
243,wspoissonTest_midp,0.0246,0.0209,0.9545
244,AC,0.0271,0.0191,0.9538
244,CP,0.0216,0.0198,0.9586
244,wspoissonTest,0.0217,0.0159,0.9624
244,wspoissonTest_midp,0.0266,0.02,0.9534
245,AC,0.0255,0.0189,0.9556
245,CP,0.0184,0.0206,0.961
245,wspoissonTest,0.0186,0.0182,0.9632
245,wspoissonTest_midp,0.023,0.0232,0.9538
246,AC,0.027,0.0181,0.9549
246,CP,0.022,0.0196,0.9584
246,wspoissonTest,0.0221,0.0165,0.9614
246,wspoissonTest_midp,0.0253,0.0216,0.9531
247,AC,0.0277,0.0205,0.9518
247,CP,0.0222,0.0213,0.9565
247,wspoissonTest,0.0223,0.0173,0.9604
247,wspoissonTest_midp,0.0267,0.022,0.9513
248,AC,0.0274,0.0201,0.9525
248,CP,0.0209,0.0214,0.9577
248,wspoissonTest,0.0211,0.0189,0.96
248,wspoissonTest_midp,0.0247,0.025,0.9503
249,AC,0.0259,0.0197,0.9544
249,CP,0.0202,0.0202,0.9596
249,wspoissonTest,0.0203,0.0178,0.9619
249,wspoissonTest_midp,0.024,0.0218,0.9542
250,AC,0.0256,0.0197,0.9547
250,CP,0.0192,0.021,0.9598
250,wspoissonTest,0.0192,0.0163,0.9645
250,wspoissonTest_midp,0.0238,0.022,0.9542
251,AC,0.0279,0.0177,0.9544
251,CP,0.023,0.019,0.958
251,wspoissonTest,0.023,0.0164,0.9606
251,wspoissonTest_midp,0.0258,0.0209,0.9533
252,AC,0.0253,0.0188,0.9559
252,CP,0.0199,0.0199,0.9602
252,wspoissonTest,0.02,0.017,0.963
252,wspoissonTest_midp,0.0231,0.022,0.9549
253,AC,0.0079,0.0071,0.985
253,CP,0.0058,0.0071,0.9871
253,wspoissonTest,0.0058,0.0041,0.9901
253,wspoissonTest_midp,0.0079,0.0071,0.985
254,AC,0.0187,0.0138,0.9675
254,CP,0.0125,0.0138,0.9737
254,wspoissonTest,0.0125,0.0138,0.9737
254,wspoissonTest_midp,0.0125,0.0138,0.9737
255,AC,0.0108,0.0107,0.9785
255,CP,0.0075,0.0107,0.9818
255,wspoissonTest,0.0075,0.0107,0.9818
255,wspoissonTest_midp,0.0108,0.0107,0.9785
256,AC,0.016,0.0122,0.9718
256,CP,0.0134,0.0133,0.9733
256,wspoissonTest,0.0134,0.009,0.9776
256,wspoissonTest_midp,0.0156,0.0122,0.9722
257,AC,0.0181,0.014,0.9679
257,CP,0.0181,0.014,0.9679
257,wspoissonTest,0.0181,0.014,0.9679
257,wspoissonTest_midp,0.0181,0.0169,0.965
258,AC,0.0204,0.0137,0.9659
258,CP,0.0161,0.0151,0.9688
258,wspoissonTest,0.0161,0.0118,0.9721
258,wspoissonTest_midp,0.0185,0.0167,0.9648
259,AC,0.0243,0.0175,0.9582
259,CP,0.0187,0.0182,0.9631
259,wspoissonTest,0.0187,0.0127,0.9686
259,wspoissonTest_midp,0.0233,0.0181,0.9586
260,AC,0.0252,0.0194,0.9554
260,CP,0.0225,0.0209,0.9566
260,wspoissonTest,0.0225,0.0207,0.9568
260,wspoissonTest_midp,0.0232,0.0212,0.9556
261,AC,0.0239,0.0173,0.9588
261,CP,0.0182,0.018,0.9638
261,wspoissonTest,0.0182,0.0158,0.966
261,wspoissonTest_midp,0.0218,0.02,0.9582
262,AC,0.027,0.0183,0.9547
262,CP,0.0203,0.019,0.9607
262,wspoissonTest,0.0204,0.0146,0.965
262,wspoissonTest_midp,0.0258,0.0195,0.9547
263,AC,0.0265,0.0177,0.9558
263,CP,0.0204,0.019,0.9606
263,wspoissonTest,0.0205,0.018,0.9615
263,wspoissonTest_midp,0.0252,0.0237,0.9511
264,AC,0.0278,0.02,0.9522
264,CP,0.0209,0.0207,0.9584
264,wspoissonTest,0.0211,0.0181,0.9608
264,wspoissonTest_midp,0.0257,0.0232,0.9511
265,AC,0.0279,0.018,0.9541
265,CP,0.0241,0.019,0.9569
265,wspoissonTest,0.0242,0.0153,0.9605
265,wspoissonTest_midp,0.0271,0.0197,0.9532
266,AC,0.0277,0.0186,0.9537
266,CP,0.0221,0.0202,0.9577
266,wspoissonTest,0.0223,0.0182,0.9595
266,wspoissonTest_midp,0.0256,0.0238,0.9506
267,AC,0.0253,0.0209,0.9538
267,CP,0.0201,0.0218,0.9581
267,wspoissonTest,0.0202,0.0201,0.9597
267,wspoissonTest_midp,0.0234,0.0241,0.9525
268,AC,0.0265,0.0177,0.9558
268,CP,0.0206,0.0181,0.9613
268,wspoissonTest,0.0208,0.0147,0.9645
268,wspoissonTest_midp,0.0254,0.0193,0.9553
269,AC,0.0242,0.0209,0.9549
269,CP,0.0194,0.0226,0.958
269,wspoissonTest,0.0196,0.0198,0.9606
269,wspoissonTest_midp,0.0228,0.0248,0.9524
270,AC,0.025,0.0198,0.9552
270,CP,0.0193,0.0205,0.9602
270,wspoissonTest,0.0193,0.0188,0.9619
270,wspoissonTest_midp,0.0231,0.0231,0.9538
271,AC,0.0038,0.0041,0.9921
271,CP,0.0025,0.0041,0.9934
271,wspoissonTest,0.0025,0.0031,0.9944
271,wspoissonTest_midp,0.0038,0.0041,0.9921
272,AC,0.0153,0.0095,0.9752
272,CP,0.0105,0.0095,0.98
272,wspoissonTest,0.0105,0.0095,0.98
272,wspoissonTest_midp,0.0153,0.0157,0.969
273,AC,0.0096,0.01,0.9804
273,CP,0.0062,0.01,0.9838
273,wspoissonTest,0.0062,0.01,0.9838
273,wspoissonTest_midp,0.0096,0.01,0.9804
274,AC,0.0159,0.0136,0.9705
274,CP,0.0132,0.0142,0.9726
274,wspoissonTest,0.0132,0.0083,0.9785
274,wspoissonTest_midp,0.0159,0.0126,0.9715
275,AC,0.0212,0.0127,0.9661
275,CP,0.0151,0.0127,0.9722
275,wspoissonTest,0.0151,0.0127,0.9722
275,wspoissonTest_midp,0.0212,0.0206,0.9582
276,AC,0.02,0.0142,0.9658
276,CP,0.0154,0.0146,0.97
276,wspoissonTest,0.0154,0.0133,0.9713
276,wspoissonTest_midp,0.0183,0.0173,0.9644
277,AC,0.0258,0.0185,0.9557
277,CP,0.0214,0.0193,0.9593
277,wspoissonTest,0.0215,0.0142,0.9643
277,wspoissonTest_midp,0.0253,0.0187,0.956
278,AC,0.0219,0.0208,0.9573
278,CP,0.0166,0.0208,0.9626
278,wspoissonTest,0.0166,0.0208,0.9626
278,wspoissonTest_midp,0.0217,0.024,0.9543
279,AC,0.0235,0.0179,0.9586
279,CP,0.017,0.0191,0.9639
279,wspoissonTest,0.0172,0.0167,0.9661
279,wspoissonTest_midp,0.0223,0.0207,0.957
280,AC,0.0259,0.0179,0.9562
280,CP,0.0214,0.0184,0.9602
280,wspoissonTest,0.0215,0.0146,0.9639
280,wspoissonTest_midp,0.025,0.0189,0.9561
281,AC,0.0263,0.0192,0.9545
281,CP,0.0209,0.0207,0.9584
281,wspoissonTest,0.0209,0.0197,0.9594
281,wspoissonTest_midp,0.0235,0.0241,0.9524
282,AC,0.0267,0.0199,0.9534
282,CP,0.0202,0.0209,0.9589
282,wspoissonTest,0.0204,0.0188,0.9608
282,wspoissonTest_midp,0.0248,0.0231,0.9521
283,AC,0.0255,0.017,0.9575
283,CP,0.0202,0.0179,0.9619
283,wspoissonTest,0.0203,0.0151,0.9646
283,wspoissonTest_midp,0.0246,0.0191,0.9563
284,AC,0.0305,0.0189,0.9506
284,CP,0.0237,0.0201,0.9562
284,wspoissonTest,0.0238,0.0185,0.9577
284,wspoissonTest_midp,0.0283,0.0233,0.9484
285,AC,0.0305,0.0206,0.9489
285,CP,0.0244,0.0215,0.9541
285,wspoissonTest,0.0246,0.0192,0.9562
285,wspoissonTest_midp,0.0284,0.0234,0.9482
286,AC,0.0257,0.018,0.9563
286,CP,0.0195,0.0188,0.9617
286,wspoissonTest,0.0197,0.0168,0.9635
286,wspoissonTest_midp,0.0239,0.0212,0.9549
287,AC,0.0289,0.0185,0.9526
287,CP,0.0222,0.0197,0.9581
287,wspoissonTest,0.0223,0.0176,0.9601
287,wspoissonTest_midp,0.0265,0.022,0.9515
288,AC,0.0289,0.0199,0.9512
288,CP,0.0223,0.0211,0.9566
288,wspoissonTest,0.0223,0.0184,0.9593
288,wspoissonTest_midp,0.0254,0.0234,0.9512
289,AC,0.009,0.0056,0.9854
289,CP,0.0056,0.0056,0.9888
289,wspoissonTest,0.0056,0.004,0.9904
289,wspoissonTest_midp,0.009,0.0056,0.9854
290,AC,0.0185,0.0137,0.9678
290,CP,0.0118,0.0137,0.9745
290,wspoissonTest,0.0118,0.0137,0.9745
290,wspoissonTest_midp,0.0185,0.0137,0.9678
291,AC,0.0092,0.0127,0.9781
291,CP,0.0092,0.0127,0.9781
291,wspoissonTest,0.0092,0.0078,0.983
291,wspoissonTest_midp,0.0092,0.0127,0.9781
292,AC,0.0161,0.0141,0.9698
292,CP,0.012,0.0141,0.9739
292,wspoissonTest,0.012,0.0108,0.9772
292,wspoissonTest_midp,0.0161,0.0141,0.9698
293,AC,0.02,0.0138,0.9662
293,CP,0.0132,0.0165,0.9703
293,wspoissonTest,0.0135,0.0155,0.971
293,wspoissonTest_midp,0.0199,0.0182,0.9619
294,AC,0.0213,0.015,0.9637
294,CP,0.0152,0.0163,0.9685
