design,method,lower_error_freq,upper_error_freq,coverage
1,AC,0.0026,0.0055,0.9919
1,CP,0.0024,0.0055,0.9921
1,wspoissonTest,0.0025,0.0055,0.992
1,wspoissonTest_midp,0.0026,0.0055,0.9919
2,AC,0.0027,0.0019,0.9954
2,CP,0.0026,0.0019,0.9955
2,wspoissonTest,0.0026,0.0019,0.9955
2,wspoissonTest_midp,0.0027,0.0024,0.9949
3,AC,0.0033,0.0032,0.9935
3,CP,0.0032,0.0032,0.9936
3,wspoissonTest,0.0032,0.0032,0.9936
3,wspoissonTest_midp,0.0032,0.0032,0.9936
4,AC,0.0152,0.0126,0.9722
4,CP,0.0135,0.0125,0.974
4,wspoissonTest,0.0139,0.0124,0.9737
4,wspoissonTest_midp,0.0151,0.0129,0.972
5,AC,0.0138,0.0145,0.9717
5,CP,0.0121,0.0145,0.9734
5,wspoissonTest,0.0121,0.0145,0.9734
5,wspoissonTest_midp,0.0121,0.015,0.9729
6,AC,0.0171,0.0136,0.9693
6,CP,0.0157,0.0136,0.9707
6,wspoissonTest,0.0162,0.0136,0.9702
6,wspoissonTest_midp,0.0167,0.0138,0.9695
7,AC,0.0206,0.0179,0.9615
7,CP,0.018,0.0179,0.9641
7,wspoissonTest,0.018,0.0177,0.9643
7,wspoissonTest_midp,0.0193,0.0179,0.9628
8,AC,0.0195,0.0206,0.9599
8,CP,0.0171,0.0206,0.9623
8,wspoissonTest,0.0177,0.0201,0.9622
8,wspoissonTest_midp,0.0194,0.021,0.9596
9,AC,0.0204,0.021,0.9586
9,CP,0.0187,0.021,0.9603
9,wspoissonTest,0.0189,0.0208,0.9603
9,wspoissonTest_midp,0.0191,0.0211,0.9598
10,AC,0.0238,0.019,0.9572
10,CP,0.0217,0.019,0.9593
10,wspoissonTest,0.0218,0.0189,0.9593
10,wspoissonTest_midp,0.0224,0.019,0.9586
11,AC,0.0202,0.0194,0.9604
11,CP,0.0178,0.0194,0.9628
11,wspoissonTest,0.0186,0.0191,0.9623
11,wspoissonTest_midp,0.0195,0.0194,0.9611
12,AC,0.0259,0.0214,0.9527
12,CP,0.0234,0.0214,0.9552
12,wspoissonTest,0.0242,0.0211,0.9547
12,wspoissonTest_midp,0.0251,0.0221,0.9528
13,AC,0.0026,0.0037,0.9937
13,CP,0.0022,0.0037,0.9941
13,wspoissonTest,0.0025,0.0037,0.9938
13,wspoissonTest_midp,0.0025,0.0042,0.9933
14,AC,0.0023,0.0013,0.9964
14,CP,0.0015,0.0013,0.9972
14,wspoissonTest,0.0015,0.0012,0.9973
14,wspoissonTest_midp,0.0017,0.0014,0.9969
15,AC,0.0019,0.0038,0.9943
15,CP,0.0017,0.0038,0.9945
15,wspoissonTest,0.0017,0.0038,0.9945
15,wspoissonTest_midp,0.0018,0.0041,0.9941
16,AC,0.0134,0.0132,0.9734
16,CP,0.0122,0.0132,0.9746
16,wspoissonTest,0.0126,0.0132,0.9742
16,wspoissonTest_midp,0.0134,0.0144,0.9722
17,AC,0.0138,0.014,0.9722
17,CP,0.012,0.014,0.974
17,wspoissonTest,0.0126,0.0135,0.9739
17,wspoissonTest_midp,0.0131,0.0142,0.9727
18,AC,0.0143,0.0125,0.9732
18,CP,0.013,0.0124,0.9746
18,wspoissonTest,0.0132,0.0124,0.9744
18,wspoissonTest_midp,0.0142,0.0142,0.9716
19,AC,0.0215,0.0177,0.9608
19,CP,0.02,0.0175,0.9625
19,wspoissonTest,0.0201,0.0175,0.9624
19,wspoissonTest_midp,0.0204,0.0188,0.9608
20,AC,0.0216,0.0198,0.9586
20,CP,0.0198,0.0197,0.9605
20,wspoissonTest,0.0201,0.0195,0.9604
20,wspoissonTest_midp,0.0213,0.0207,0.958
21,AC,0.0212,0.0179,0.9609
21,CP,0.0192,0.0179,0.9629
21,wspoissonTest,0.0194,0.0178,0.9628
21,wspoissonTest_midp,0.0208,0.0189,0.9603
22,AC,0.0243,0.0204,0.9553
22,CP,0.0215,0.0203,0.9582
22,wspoissonTest,0.0219,0.02,0.9581
22,wspoissonTest_midp,0.0232,0.0208,0.956
23,AC,0.0226,0.0201,0.9573
23,CP,0.0208,0.0201,0.9591
23,wspoissonTest,0.0211,0.0196,0.9593
23,wspoissonTest_midp,0.0221,0.021,0.9569
24,AC,0.0201,0.0194,0.9605
24,CP,0.0182,0.0193,0.9625
24,wspoissonTest,0.0182,0.0191,0.9627
24,wspoissonTest_midp,0.019,0.0206,0.9604
25,AC,0.003,0.0033,0.9937
25,CP,0.0028,0.0033,0.9939
25,wspoissonTest,0.0028,0.0033,0.9939
25,wspoissonTest_midp,0.0029,0.0037,0.9934
26,AC,0.0018,0.0024,0.9958
26,CP,0.0017,0.0024,0.9959
26,wspoissonTest,0.0017,0.0023,0.996
26,wspoissonTest_midp,0.0017,0.0025,0.9958
27,AC,0.003,0.0029,0.9941
27,CP,0.0027,0.0029,0.9944
27,wspoissonTest,0.0028,0.0029,0.9943
27,wspoissonTest_midp,0.0029,0.0032,0.9939
28,AC,0.0135,0.0143,0.9722
28,CP,0.0109,0.0142,0.9749
28,wspoissonTest,0.0111,0.014,0.9749
28,wspoissonTest_midp,0.0133,0.0146,0.9721
29,AC,0.0138,0.0143,0.9719
29,CP,0.0125,0.0142,0.9733
29,wspoissonTest,0.0125,0.014,0.9735
29,wspoissonTest_midp,0.013,0.0147,0.9723
30,AC,0.0151,0.0112,0.9737
30,CP,0.0134,0.0111,0.9755
30,wspoissonTest,0.0136,0.0108,0.9756
30,wspoissonTest_midp,0.0145,0.0121,0.9734
31,AC,0.0199,0.02,0.9601
31,CP,0.0182,0.02,0.9618
31,wspoissonTest,0.0184,0.0196,0.962
31,wspoissonTest_midp,0.0192,0.0211,0.9597
32,AC,0.021,0.0165,0.9625
32,CP,0.0184,0.0164,0.9652
32,wspoissonTest,0.0184,0.0163,0.9653
32,wspoissonTest_midp,0.0203,0.017,0.9627
33,AC,0.0203,0.0169,0.9628
33,CP,0.0186,0.0166,0.9648
33,wspoissonTest,0.0188,0.0165,0.9647
33,wspoissonTest_midp,0.0195,0.0176,0.9629
34,AC,0.0208,0.0241,0.9551
34,CP,0.0185,0.024,0.9575
34,wspoissonTest,0.0186,0.024,0.9574
34,wspoissonTest_midp,0.02,0.025,0.955
35,AC,0.0246,0.0211,0.9543
35,CP,0.0221,0.0208,0.9571
35,wspoissonTest,0.0224,0.0208,0.9568
35,wspoissonTest_midp,0.0238,0.0218,0.9544
36,AC,0.0222,0.0192,0.9586
36,CP,0.0201,0.0191,0.9608
36,wspoissonTest,0.0204,0.019,0.9606
36,wspoissonTest_midp,0.0213,0.0203,0.9584
37,AC,0.0038,0.0035,0.9927
37,CP,0.0031,0.0035,0.9934
37,wspoissonTest,0.0031,0.0034,0.9935
37,wspoissonTest_midp,0.0031,0.0039,0.993
38,AC,0.0012,0.0015,0.9973
38,CP,8e-4,0.0015,0.9977
38,wspoissonTest,9e-4,0.0013,0.9978
38,wspoissonTest_midp,0.001,0.0017,0.9973
39,AC,0.0025,0.0026,0.9949
39,CP,0.0021,0.0026,0.9953
39,wspoissonTest,0.0021,0.0025,0.9954
39,wspoissonTest_midp,0.0024,0.0028,0.9948
40,AC,0.0144,0.015,0.9706
40,CP,0.0136,0.015,0.9714
40,wspoissonTest,0.0137,0.015,0.9713
40,wspoissonTest_midp,0.0142,0.015,0.9708
41,AC,0.0146,0.0123,0.9731
41,CP,0.0132,0.0123,0.9745
41,wspoissonTest,0.0133,0.0121,0.9746
41,wspoissonTest_midp,0.0141,0.0131,0.9728
42,AC,0.0136,0.0146,0.9718
42,CP,0.0116,0.0146,0.9738
42,wspoissonTest,0.0118,0.0142,0.974
42,wspoissonTest_midp,0.0126,0.0156,0.9718
43,AC,0.0195,0.0197,0.9608
43,CP,0.0164,0.0196,0.964
43,wspoissonTest,0.017,0.0193,0.9637
43,wspoissonTest_midp,0.0188,0.021,0.9602
44,AC,0.0198,0.0186,0.9616
44,CP,0.0184,0.0185,0.9631
44,wspoissonTest,0.0185,0.0183,0.9632
44,wspoissonTest_midp,0.0194,0.0195,0.9611
45,AC,0.0196,0.0163,0.9641
45,CP,0.0177,0.0163,0.966
45,wspoissonTest,0.018,0.0163,0.9657
45,wspoissonTest_midp,0.0192,0.0168,0.964
46,AC,0.0211,0.0213,0.9576
46,CP,0.0194,0.0213,0.9593
46,wspoissonTest,0.0195,0.0212,0.9593
46,wspoissonTest_midp,0.0205,0.0221,0.9574
47,AC,0.0206,0.0217,0.9577
47,CP,0.0189,0.0216,0.9595
47,wspoissonTest,0.0191,0.0213,0.9596
47,wspoissonTest_midp,0.0197,0.023,0.9573
48,AC,0.0228,0.0188,0.9584
48,CP,0.0192,0.0188,0.962
48,wspoissonTest,0.0196,0.0185,0.9619
48,wspoissonTest_midp,0.0217,0.0195,0.9588
49,AC,0.0021,0.0034,0.9945
49,CP,0.0015,0.0034,0.9951
49,wspoissonTest,0.0016,0.0033,0.9951
49,wspoissonTest_midp,0.002,0.0036,0.9944
50,AC,0.0012,0.0011,0.9977
50,CP,9e-4,0.0011,0.998
50,wspoissonTest,9e-4,9e-4,0.9982
50,wspoissonTest_midp,0.0012,0.0012,0.9976
51,AC,0.0031,0.0026,0.9943
51,CP,0.0028,0.0026,0.9946
51,wspoissonTest,0.0029,0.0025,0.9946
51,wspoissonTest_midp,0.0031,0.0029,0.994
52,AC,0.0145,0.0136,0.9719
52,CP,0.0126,0.0136,0.9738
52,wspoissonTest,0.0131,0.0135,0.9734
52,wspoissonTest_midp,0.0138,0.0143,0.9719
53,AC,0.0123,0.0129,0.9748
53,CP,0.0105,0.0128,0.9767
53,wspoissonTest,0.0107,0.012,0.9773
53,wspoissonTest_midp,0.0119,0.0134,0.9747
54,AC,0.0132,0.013,0.9738
54,CP,0.0125,0.0129,0.9746
54,wspoissonTest,0.0125,0.0129,0.9746
54,wspoissonTest_midp,0.013,0.0137,0.9733
55,AC,0.0215,0.0205,0.958
55,CP,0.0195,0.0204,0.9601
55,wspoissonTest,0.0198,0.0201,0.9601
55,wspoissonTest_midp,0.0207,0.0214,0.9579
56,AC,0.0198,0.0176,0.9626
56,CP,0.0182,0.0176,0.9642
56,wspoissonTest,0.0183,0.017,0.9647
56,wspoissonTest_midp,0.0188,0.0185,0.9627
57,AC,0.0192,0.018,0.9628
57,CP,0.0176,0.018,0.9644
57,wspoissonTest,0.0178,0.0176,0.9646
57,wspoissonTest_midp,0.0186,0.0188,0.9626
58,AC,0.023,0.02,0.957
58,CP,0.0203,0.02,0.9597
58,wspoissonTest,0.0204,0.0195,0.9601
58,wspoissonTest_midp,0.0224,0.0206,0.957
59,AC,0.0213,0.0198,0.9589
59,CP,0.019,0.0198,0.9612
59,wspoissonTest,0.019,0.0194,0.9616
59,wspoissonTest_midp,0.0205,0.0201,0.9594
60,AC,0.0218,0.0202,0.958
60,CP,0.02,0.0201,0.9599
60,wspoissonTest,0.0203,0.0191,0.9606
60,wspoissonTest_midp,0.0213,0.0214,0.9573
61,AC,0.0039,0.0043,0.9918
61,CP,0.0034,0.0043,0.9923
61,wspoissonTest,0.0034,0.0042,0.9924
61,wspoissonTest_midp,0.0038,0.0046,0.9916
62,AC,0.0016,0.0011,0.9973
62,CP,0.0015,0.0011,0.9974
62,wspoissonTest,0.0015,0.001,0.9975
62,wspoissonTest_midp,0.0016,0.0011,0.9973
63,AC,0.0033,0.0028,0.9939
63,CP,0.0024,0.0027,0.9949
63,wspoissonTest,0.0026,0.0026,0.9948
63,wspoissonTest_midp,0.0027,0.003,0.9943
64,AC,0.015,0.0139,0.9711
64,CP,0.0134,0.0139,0.9727
64,wspoissonTest,0.0137,0.0137,0.9726
64,wspoissonTest_midp,0.0145,0.0146,0.9709
65,AC,0.0117,0.0133,0.975
65,CP,0.0102,0.0131,0.9767
65,wspoissonTest,0.0103,0.0125,0.9772
65,wspoissonTest_midp,0.0112,0.0134,0.9754
66,AC,0.0141,0.015,0.9709
66,CP,0.0128,0.015,0.9722
66,wspoissonTest,0.013,0.0145,0.9725
66,wspoissonTest_midp,0.0136,0.0159,0.9705
67,AC,0.0207,0.0169,0.9624
67,CP,0.0187,0.0169,0.9644
67,wspoissonTest,0.0189,0.0167,0.9644
67,wspoissonTest_midp,0.0202,0.0178,0.962
68,AC,0.0192,0.0168,0.964
68,CP,0.0178,0.0168,0.9654
68,wspoissonTest,0.0182,0.016,0.9658
68,wspoissonTest_midp,0.019,0.0175,0.9635
69,AC,0.0191,0.0171,0.9638
69,CP,0.017,0.0171,0.9659
69,wspoissonTest,0.0174,0.0168,0.9658
69,wspoissonTest_midp,0.0181,0.0179,0.964
70,AC,0.0211,0.0213,0.9576
70,CP,0.0197,0.0213,0.959
70,wspoissonTest,0.0199,0.0207,0.9594
70,wspoissonTest_midp,0.0207,0.0221,0.9572
71,AC,0.0215,0.0215,0.957
71,CP,0.019,0.0214,0.9596
71,wspoissonTest,0.019,0.0206,0.9604
71,wspoissonTest_midp,0.0209,0.022,0.9571
72,AC,0.023,0.0199,0.9571
72,CP,0.0207,0.0198,0.9595
72,wspoissonTest,0.021,0.0193,0.9597
72,wspoissonTest_midp,0.0224,0.0212,0.9564
73,AC,0.0052,0.0053,0.9895
73,CP,0.0044,0.0053,0.9903
73,wspoissonTest,0.0045,0.0053,0.9902
73,wspoissonTest_midp,0.0049,0.0059,0.9892
74,AC,0.0015,0.0013,0.9972
74,CP,0.0014,0.0013,0.9973
74,wspoissonTest,0.0014,0.0012,0.9974
74,wspoissonTest_midp,0.0015,0.0016,0.9969
75,AC,0.0019,0.0036,0.9945
75,CP,0.0014,0.0035,0.9951
75,wspoissonTest,0.0014,0.0035,0.9951
75,wspoissonTest_midp,0.0019,0.0038,0.9943
76,AC,0.0155,0.0129,0.9716
76,CP,0.0135,0.0129,0.9736
76,wspoissonTest,0.0136,0.0127,0.9737
76,wspoissonTest_midp,0.0152,0.0135,0.9713
77,AC,0.0129,0.0107,0.9764
77,CP,0.0117,0.0106,0.9777
77,wspoissonTest,0.0118,0.0099,0.9783
77,wspoissonTest_midp,0.0127,0.0111,0.9762
78,AC,0.0119,0.0135,0.9746
78,CP,0.011,0.0135,0.9755
78,wspoissonTest,0.011,0.0134,0.9756
78,wspoissonTest_midp,0.0115,0.0141,0.9744
79,AC,0.0198,0.02,0.9602
79,CP,0.0179,0.0199,0.9622
79,wspoissonTest,0.0182,0.0194,0.9624
79,wspoissonTest_midp,0.0193,0.0206,0.9601
80,AC,0.0204,0.018,0.9616
80,CP,0.0178,0.0179,0.9643
80,wspoissonTest,0.0179,0.0174,0.9647
80,wspoissonTest_midp,0.0196,0.0185,0.9619
81,AC,0.0206,0.0189,0.9605
81,CP,0.0188,0.0188,0.9624
81,wspoissonTest,0.0191,0.0186,0.9623
81,wspoissonTest_midp,0.0204,0.0198,0.9598
82,AC,0.0219,0.0212,0.9569
82,CP,0.0201,0.0212,0.9587
82,wspoissonTest,0.0203,0.021,0.9587
82,wspoissonTest_midp,0.0212,0.0216,0.9572
83,AC,0.0212,0.0221,0.9567
83,CP,0.0191,0.022,0.9589
83,wspoissonTest,0.0193,0.0216,0.9591
83,wspoissonTest_midp,0.0207,0.0228,0.9565
84,AC,0.0225,0.0188,0.9587
84,CP,0.0198,0.0188,0.9614
84,wspoissonTest,0.0202,0.0183,0.9615
84,wspoissonTest_midp,0.0214,0.0195,0.9591
85,AC,0.0047,0.0043,0.991
85,CP,0.0038,0.0043,0.9919
85,wspoissonTest,0.0039,0.0042,0.9919
85,wspoissonTest_midp,0.0046,0.0048,0.9906
86,AC,0.0017,0.0016,0.9967
86,CP,0.0014,0.0016,0.997
86,wspoissonTest,0.0015,0.0015,0.997
86,wspoissonTest_midp,0.0016,0.0016,0.9968
87,AC,0.0035,0.0034,0.9931
87,CP,0.003,0.0032,0.9938
87,wspoissonTest,0.003,0.003,0.994
87,wspoissonTest_midp,0.0034,0.0038,0.9928
88,AC,0.0163,0.0139,0.9698
88,CP,0.0142,0.0139,0.9719
88,wspoissonTest,0.0146,0.0137,0.9717
88,wspoissonTest_midp,0.0159,0.0144,0.9697
89,AC,0.0132,0.0127,0.9741
89,CP,0.0113,0.0127,0.976
89,wspoissonTest,0.0114,0.0117,0.9769
89,wspoissonTest_midp,0.0126,0.0131,0.9743
90,AC,0.018,0.0137,0.9683
90,CP,0.0166,0.0137,0.9697
90,wspoissonTest,0.0167,0.0132,0.9701
90,wspoissonTest_midp,0.0176,0.014,0.9684
91,AC,0.0209,0.0176,0.9615
91,CP,0.019,0.0176,0.9634
91,wspoissonTest,0.0193,0.0174,0.9633
91,wspoissonTest_midp,0.0203,0.0187,0.961
92,AC,0.0191,0.0196,0.9613
92,CP,0.0173,0.0195,0.9632
92,wspoissonTest,0.0174,0.0189,0.9637
92,wspoissonTest_midp,0.0188,0.02,0.9612
93,AC,0.0207,0.0209,0.9584
93,CP,0.0195,0.0208,0.9597
93,wspoissonTest,0.0196,0.0204,0.96
93,wspoissonTest_midp,0.0203,0.0213,0.9584
94,AC,0.0228,0.0182,0.959
94,CP,0.02,0.0181,0.9619
94,wspoissonTest,0.0205,0.0178,0.9617
94,wspoissonTest_midp,0.0219,0.0197,0.9584
95,AC,0.0205,0.0186,0.9609
95,CP,0.0186,0.0186,0.9628
95,wspoissonTest,0.0187,0.0178,0.9635
95,wspoissonTest_midp,0.0199,0.0191,0.961
96,AC,0.0263,0.0209,0.9528
96,CP,0.024,0.0208,0.9552
96,wspoissonTest,0.0241,0.0203,0.9556
96,wspoissonTest_midp,0.0258,0.0214,0.9528
97,AC,0.0035,0.004,0.9925
97,CP,0.0031,0.004,0.9929
97,wspoissonTest,0.0032,0.0038,0.993
97,wspoissonTest_midp,0.0033,0.0042,0.9925
98,AC,9e-4,0.0016,0.9975
98,CP,8e-4,0.0016,0.9976
98,wspoissonTest,8e-4,0.0013,0.9979
98,wspoissonTest_midp,9e-4,0.0017,0.9974
99,AC,0.004,0.0023,0.9937
99,CP,0.0032,0.0023,0.9945
99,wspoissonTest,0.0032,0.0022,0.9946
99,wspoissonTest_midp,0.0039,0.0025,0.9936
100,AC,0.0147,0.0124,0.9729
100,CP,0.0132,0.0124,0.9744
100,wspoissonTest,0.0133,0.0123,0.9744
100,wspoissonTest_midp,0.0143,0.0136,0.9721
101,AC,0.0141,0.0154,0.9705
101,CP,0.0127,0.0154,0.9719
101,wspoissonTest,0.0128,0.015,0.9722
101,wspoissonTest_midp,0.0139,0.0162,0.9699
102,AC,0.0156,0.0125,0.9719
102,CP,0.0137,0.0125,0.9738
102,wspoissonTest,0.0139,0.0119,0.9742
102,wspoissonTest_midp,0.0151,0.0129,0.972
103,AC,0.0216,0.0178,0.9606
103,CP,0.0203,0.0178,0.9619
103,wspoissonTest,0.0206,0.0175,0.9619
103,wspoissonTest_midp,0.0213,0.0186,0.9601
104,AC,0.0211,0.0201,0.9588
104,CP,0.0192,0.0201,0.9607
104,wspoissonTest,0.0196,0.019,0.9614
104,wspoissonTest_midp,0.0205,0.0212,0.9583
105,AC,0.0209,0.0178,0.9613
105,CP,0.0187,0.0177,0.9636
105,wspoissonTest,0.0188,0.0171,0.9641
105,wspoissonTest_midp,0.0201,0.0182,0.9617
106,AC,0.0243,0.0201,0.9556
106,CP,0.0225,0.0198,0.9577
106,wspoissonTest,0.0229,0.0193,0.9578
106,wspoissonTest_midp,0.0238,0.0208,0.9554
107,AC,0.0229,0.0197,0.9574
107,CP,0.021,0.0195,0.9595
107,wspoissonTest,0.0213,0.0187,0.96
107,wspoissonTest_midp,0.0223,0.0203,0.9574
108,AC,0.0203,0.0199,0.9598
108,CP,0.018,0.0199,0.9621
108,wspoissonTest,0.0184,0.0191,0.9625
108,wspoissonTest_midp,0.0193,0.0204,0.9603
109,AC,0.0046,0.004,0.9914
109,CP,0.0036,0.004,0.9924
109,wspoissonTest,0.0036,0.004,0.9924
109,wspoissonTest_midp,0.0043,0.0048,0.9909
110,AC,4e-4,0.001,0.9986
110,CP,3e-4,0.001,0.9987
110,wspoissonTest,3e-4,9e-4,0.9988
110,wspoissonTest_midp,4e-4,0.001,0.9986
111,AC,0.0034,0.0028,0.9938
111,CP,0.0027,0.0028,0.9945
111,wspoissonTest,0.0029,0.0025,0.9946
111,wspoissonTest_midp,0.0033,0.003,0.9937
112,AC,0.0132,0.0134,0.9734
112,CP,0.0121,0.0134,0.9745
112,wspoissonTest,0.0123,0.0133,0.9744
112,wspoissonTest_midp,0.0131,0.0143,0.9726
113,AC,0.013,0.0123,0.9747
113,CP,0.0116,0.0122,0.9762
113,wspoissonTest,0.012,0.0106,0.9774
113,wspoissonTest_midp,0.0129,0.0126,0.9745
114,AC,0.0145,0.0114,0.9741
114,CP,0.0133,0.0114,0.9753
114,wspoissonTest,0.0134,0.0112,0.9754
114,wspoissonTest_midp,0.0143,0.0122,0.9735
115,AC,0.0206,0.0203,0.9591
115,CP,0.0191,0.0203,0.9606
115,wspoissonTest,0.0193,0.0202,0.9605
115,wspoissonTest_midp,0.02,0.0207,0.9593
116,AC,0.0202,0.0169,0.9629
116,CP,0.0185,0.0169,0.9646
116,wspoissonTest,0.0189,0.0159,0.9652
116,wspoissonTest_midp,0.0199,0.0173,0.9628
117,AC,0.0202,0.0168,0.963
117,CP,0.018,0.0168,0.9652
117,wspoissonTest,0.0183,0.0166,0.9651
117,wspoissonTest_midp,0.0198,0.0176,0.9626
118,AC,0.021,0.0236,0.9554
118,CP,0.0187,0.0234,0.9579
118,wspoissonTest,0.0187,0.023,0.9583
118,wspoissonTest_midp,0.0199,0.0241,0.956
119,AC,0.0244,0.0203,0.9553
119,CP,0.0226,0.0203,0.9571
119,wspoissonTest,0.0227,0.02,0.9573
119,wspoissonTest_midp,0.0238,0.0207,0.9555
120,AC,0.0222,0.0197,0.9581
120,CP,0.0203,0.0197,0.96
120,wspoissonTest,0.0205,0.0193,0.9602
120,wspoissonTest_midp,0.0217,0.0212,0.9571
121,AC,0.0048,0.0045,0.9907
121,CP,0.0036,0.0045,0.9919
121,wspoissonTest,0.0039,0.0043,0.9918
121,wspoissonTest_midp,0.0048,0.0052,0.99
122,AC,5e-4,6e-4,0.9989
122,CP,5e-4,6e-4,0.9989
122,wspoissonTest,5e-4,6e-4,0.9989
122,wspoissonTest_midp,5e-4,7e-4,0.9988
123,AC,0.0027,0.0027,0.9946
123,CP,0.0023,0.0027,0.995
123,wspoissonTest,0.0024,0.0026,0.995
123,wspoissonTest_midp,0.0026,0.0029,0.9945
124,AC,0.0143,0.0145,0.9712
124,CP,0.0122,0.0145,0.9733
124,wspoissonTest,0.0125,0.0145,0.973
124,wspoissonTest_midp,0.0137,0.0152,0.9711
125,AC,0.0126,0.0121,0.9753
125,CP,0.0117,0.0121,0.9762
125,wspoissonTest,0.0117,0.0115,0.9768
125,wspoissonTest_midp,0.0123,0.0123,0.9754
126,AC,0.0134,0.013,0.9736
126,CP,0.0114,0.0129,0.9757
126,wspoissonTest,0.0117,0.0126,0.9757
126,wspoissonTest_midp,0.0129,0.0138,0.9733
127,AC,0.0228,0.017,0.9602
127,CP,0.0207,0.0169,0.9624
127,wspoissonTest,0.0209,0.0166,0.9625
127,wspoissonTest_midp,0.022,0.018,0.96
128,AC,0.0184,0.0194,0.9622
128,CP,0.0165,0.0194,0.9641
128,wspoissonTest,0.0165,0.0188,0.9647
128,wspoissonTest_midp,0.018,0.0195,0.9625
129,AC,0.0193,0.0183,0.9624
129,CP,0.0174,0.018,0.9646
129,wspoissonTest,0.0174,0.0177,0.9649
129,wspoissonTest_midp,0.0182,0.0191,0.9627
130,AC,0.0221,0.0184,0.9595
130,CP,0.0198,0.0182,0.962
130,wspoissonTest,0.0203,0.0179,0.9618
130,wspoissonTest_midp,0.0216,0.0193,0.9591
131,AC,0.0217,0.0208,0.9575
131,CP,0.0195,0.0207,0.9598
131,wspoissonTest,0.0195,0.0201,0.9604
131,wspoissonTest_midp,0.0211,0.0213,0.9576
132,AC,0.0219,0.0211,0.957
132,CP,0.0193,0.0211,0.9596
132,wspoissonTest,0.0199,0.0201,0.96
132,wspoissonTest_midp,0.0212,0.0224,0.9564
133,AC,0,0,1
133,CP,0,0,1
133,wspoissonTest,0,0,1
133,wspoissonTest_midp,0,0,1
134,AC,0.0056,0.0046,0.9898
134,CP,0.0047,0.0046,0.9907
134,wspoissonTest,0.0048,0.0045,0.9907
134,wspoissonTest_midp,0.0052,0.005,0.9898
135,AC,5e-4,4e-4,0.9991
135,CP,3e-4,4e-4,0.9993
135,wspoissonTest,4e-4,4e-4,0.9992
135,wspoissonTest_midp,5e-4,4e-4,0.9991
136,AC,0.0024,0.0025,0.9951
136,CP,0.0018,0.0025,0.9957
136,wspoissonTest,0.0018,0.0025,0.9957
136,wspoissonTest_midp,0.0023,0.0027,0.995
137,AC,0.0154,0.0137,0.9709
137,CP,0.0135,0.0136,0.9729
137,wspoissonTest,0.0136,0.0133,0.9731
137,wspoissonTest_midp,0.0149,0.0147,0.9704
138,AC,0.014,0.0106,0.9754
138,CP,0.013,0.0105,0.9765
138,wspoissonTest,0.0132,0.0096,0.9772
138,wspoissonTest_midp,0.014,0.0106,0.9754
139,AC,0.0132,0.0133,0.9735
139,CP,0.0117,0.0133,0.975
139,wspoissonTest,0.0119,0.0124,0.9757
139,wspoissonTest_midp,0.013,0.0135,0.9735
140,AC,0.0221,0.0204,0.9575
140,CP,0.02,0.0203,0.9597
140,wspoissonTest,0.02,0.0199,0.9601
140,wspoissonTest_midp,0.0219,0.021,0.9571
141,AC,0.0199,0.0177,0.9624
141,CP,0.0173,0.0175,0.9652
141,wspoissonTest,0.0176,0.0164,0.966
141,wspoissonTest_midp,0.0196,0.0178,0.9626
142,AC,0.02,0.0188,0.9612
142,CP,0.0181,0.0188,0.9631
142,wspoissonTest,0.0184,0.0174,0.9642
142,wspoissonTest_midp,0.0199,0.0196,0.9605
143,AC,0.0243,0.0202,0.9555
143,CP,0.0216,0.0202,0.9582
143,wspoissonTest,0.0218,0.02,0.9582
143,wspoissonTest_midp,0.0236,0.0206,0.9558
144,AC,0.0211,0.0194,0.9595
144,CP,0.0187,0.0193,0.962
144,wspoissonTest,0.0192,0.0182,0.9626
144,wspoissonTest_midp,0.021,0.02,0.959
145,AC,0.0219,0.0202,0.9579
145,CP,0.0196,0.0201,0.9603
145,wspoissonTest,0.0196,0.0188,0.9616
145,wspoissonTest_midp,0.0217,0.0209,0.9574
146,AC,0,0,1
146,CP,0,0,1
146,wspoissonTest,0,0,1
146,wspoissonTest_midp,0,0,1
147,AC,0.0055,0.0056,0.9889
147,CP,0.0047,0.0056,0.9897
147,wspoissonTest,0.0048,0.0056,0.9896
147,wspoissonTest_midp,0.0052,0.0061,0.9887
148,AC,7e-4,6e-4,0.9987
148,CP,7e-4,6e-4,0.9987
148,wspoissonTest,7e-4,6e-4,0.9987
148,wspoissonTest_midp,7e-4,6e-4,0.9987
149,AC,0.0028,0.0032,0.994
149,CP,0.0021,0.0032,0.9947
149,wspoissonTest,0.0023,0.0031,0.9946
149,wspoissonTest_midp,0.0025,0.0034,0.9941
150,AC,0.0162,0.0139,0.9699
150,CP,0.015,0.0139,0.9711
150,wspoissonTest,0.0153,0.0137,0.971
150,wspoissonTest_midp,0.0162,0.015,0.9688
151,AC,0.0125,0.0104,0.9771
151,CP,0.0112,0.0103,0.9785
151,wspoissonTest,0.0115,0.0093,0.9792
151,wspoissonTest_midp,0.0124,0.0106,0.977
152,AC,0.0147,0.0139,0.9714
152,CP,0.0131,0.0139,0.973
152,wspoissonTest,0.0133,0.0133,0.9734
152,wspoissonTest_midp,0.0142,0.0143,0.9715
153,AC,0.0194,0.0187,0.9619
153,CP,0.0182,0.0186,0.9632
153,wspoissonTest,0.0183,0.0184,0.9633
153,wspoissonTest_midp,0.0192,0.0193,0.9615
154,AC,0.0185,0.0167,0.9648
154,CP,0.0171,0.0167,0.9662
154,wspoissonTest,0.0173,0.016,0.9667
154,wspoissonTest_midp,0.0183,0.0174,0.9643
155,AC,0.0202,0.0171,0.9627
155,CP,0.0181,0.017,0.9649
155,wspoissonTest,0.0182,0.0164,0.9654
155,wspoissonTest_midp,0.0199,0.0175,0.9626
156,AC,0.0212,0.0226,0.9562
156,CP,0.0192,0.0224,0.9584
156,wspoissonTest,0.0192,0.0212,0.9596
156,wspoissonTest_midp,0.0206,0.0233,0.9561
157,AC,0.0218,0.0196,0.9586
157,CP,0.0199,0.0196,0.9605
157,wspoissonTest,0.02,0.0184,0.9616
157,wspoissonTest_midp,0.0212,0.0199,0.9589
158,AC,0.0208,0.0229,0.9563
158,CP,0.019,0.0228,0.9582
158,wspoissonTest,0.0192,0.0218,0.959
158,wspoissonTest_midp,0.0204,0.0233,0.9563
159,AC,0,0,1
159,CP,0,0,1
159,wspoissonTest,0,0,1
159,wspoissonTest_midp,0,0,1
160,AC,0.0068,0.0062,0.987
160,CP,0.0055,0.0062,0.9883
160,wspoissonTest,0.0057,0.0062,0.9881
160,wspoissonTest_midp,0.0064,0.0065,0.9871
161,AC,7e-4,5e-4,0.9988
161,CP,4e-4,5e-4,0.9991
161,wspoissonTest,4e-4,5e-4,0.9991
161,wspoissonTest_midp,6e-4,5e-4,0.9989
162,AC,0.0029,0.0037,0.9934
162,CP,0.0021,0.0037,0.9942
162,wspoissonTest,0.0022,0.0034,0.9944
162,wspoissonTest_midp,0.0025,0.004,0.9935
163,AC,0.0155,0.0134,0.9711
163,CP,0.0142,0.0134,0.9724
163,wspoissonTest,0.0145,0.013,0.9725
163,wspoissonTest_midp,0.0152,0.0142,0.9706
164,AC,0.0142,0.0125,0.9733
164,CP,0.013,0.0124,0.9746
164,wspoissonTest,0.0132,0.0114,0.9754
164,wspoissonTest_midp,0.014,0.0125,0.9735
165,AC,0.0141,0.0143,0.9716
165,CP,0.012,0.0143,0.9737
165,wspoissonTest,0.0124,0.0136,0.974
165,wspoissonTest_midp,0.0138,0.0146,0.9716
166,AC,0.0215,0.0194,0.9591
166,CP,0.0194,0.0193,0.9613
166,wspoissonTest,0.0197,0.0187,0.9616
166,wspoissonTest_midp,0.0209,0.0205,0.9586
167,AC,0.0197,0.0206,0.9597
167,CP,0.0178,0.0206,0.9616
167,wspoissonTest,0.0181,0.0197,0.9622
167,wspoissonTest_midp,0.0196,0.0209,0.9595
168,AC,0.0212,0.0199,0.9589
168,CP,0.019,0.0199,0.9611
168,wspoissonTest,0.0191,0.0189,0.962
168,wspoissonTest_midp,0.0206,0.0208,0.9586
169,AC,0.0228,0.0185,0.9587
169,CP,0.0212,0.0184,0.9604
169,wspoissonTest,0.0213,0.0174,0.9613
169,wspoissonTest_midp,0.022,0.0189,0.9591
170,AC,0.0218,0.0224,0.9558
170,CP,0.0196,0.0224,0.958
170,wspoissonTest,0.0198,0.0211,0.9591
170,wspoissonTest_midp,0.0214,0.0226,0.956
171,AC,0.0213,0.0203,0.9584
171,CP,0.019,0.0203,0.9607
171,wspoissonTest,0.0193,0.0197,0.961
171,wspoissonTest_midp,0.0207,0.0209,0.9584
172,AC,0,0,1
172,CP,0,0,1
172,wspoissonTest,0,0,1
172,wspoissonTest_midp,0,0,1
173,AC,0.0069,0.0064,0.9867
173,CP,0.006,0.0064,0.9876
173,wspoissonTest,0.0062,0.0063,0.9875
173,wspoissonTest_midp,0.0066,0.0067,0.9867
174,AC,6e-4,4e-4,0.999
174,CP,6e-4,4e-4,0.999
174,wspoissonTest,6e-4,4e-4,0.999
174,wspoissonTest_midp,6e-4,4e-4,0.999
175,AC,0.0034,0.0029,0.9937
175,CP,0.0026,0.0029,0.9945
175,wspoissonTest,0.0027,0.0029,0.9944
175,wspoissonTest_midp,0.0032,0.0031,0.9937
176,AC,0.0156,0.0152,0.9692
176,CP,0.0129,0.0152,0.9719
176,wspoissonTest,0.0132,0.0151,0.9717
176,wspoissonTest_midp,0.0144,0.0158,0.9698
177,AC,0.0105,0.0115,0.978
177,CP,0.0093,0.0114,0.9793
177,wspoissonTest,0.0096,0.0106,0.9798
177,wspoissonTest_midp,0.0101,0.0115,0.9784
178,AC,0.0145,0.013,0.9725
178,CP,0.0128,0.013,0.9742
178,wspoissonTest,0.0131,0.0125,0.9744
178,wspoissonTest_midp,0.0139,0.0134,0.9727
179,AC,0.0202,0.0197,0.9601
179,CP,0.0185,0.0195,0.962
179,wspoissonTest,0.0186,0.019,0.9624
179,wspoissonTest_midp,0.0198,0.0202,0.96
180,AC,0.0181,0.0187,0.9632
180,CP,0.0166,0.0186,0.9648
180,wspoissonTest,0.0166,0.0178,0.9656
180,wspoissonTest_midp,0.0179,0.019,0.9631
181,AC,0.0231,0.0193,0.9576
181,CP,0.0211,0.0192,0.9597
181,wspoissonTest,0.0212,0.0185,0.9603
181,wspoissonTest_midp,0.0225,0.0201,0.9574
182,AC,0.0222,0.02,0.9578
182,CP,0.0194,0.0199,0.9607
182,wspoissonTest,0.0198,0.0194,0.9608
182,wspoissonTest_midp,0.0214,0.0206,0.958
183,AC,0.0216,0.0198,0.9586
183,CP,0.0198,0.0197,0.9605
183,wspoissonTest,0.0199,0.0188,0.9613
183,wspoissonTest_midp,0.0212,0.02,0.9588
184,AC,0.0241,0.0178,0.9581
184,CP,0.0216,0.0178,0.9606
184,wspoissonTest,0.022,0.0169,0.9611
184,wspoissonTest_midp,0.0234,0.0183,0.9583
185,AC,0,0,1
185,CP,0,0,1
185,wspoissonTest,0,0,1
185,wspoissonTest_midp,0,0,1
186,AC,0.0061,0.0063,0.9876
186,CP,0.0054,0.0063,0.9883
186,wspoissonTest,0.0055,0.0063,0.9882
186,wspoissonTest_midp,0.0059,0.007,0.9871
187,AC,1e-4,5e-4,0.9994
187,CP,1e-4,5e-4,0.9994
187,wspoissonTest,1e-4,3e-4,0.9996
187,wspoissonTest_midp,1e-4,5e-4,0.9994
188,AC,0.0036,0.003,0.9934
188,CP,0.0025,0.003,0.9945
188,wspoissonTest,0.0027,0.0027,0.9946
188,wspoissonTest_midp,0.003,0.0031,0.9939
189,AC,0.0179,0.0161,0.966
189,CP,0.0161,0.0161,0.9678
189,wspoissonTest,0.0166,0.016,0.9674
189,wspoissonTest_midp,0.0177,0.0173,0.965
190,AC,0.0103,0.012,0.9777
190,CP,0.009,0.012,0.979
190,wspoissonTest,0.009,0.0111,0.9799
190,wspoissonTest_midp,0.0103,0.012,0.9777
191,AC,0.0142,0.0139,0.9719
191,CP,0.0124,0.0138,0.9738
191,wspoissonTest,0.0124,0.0131,0.9745
191,wspoissonTest_midp,0.0138,0.0141,0.9721
192,AC,0.0212,0.0186,0.9602
192,CP,0.0189,0.0186,0.9625
192,wspoissonTest,0.0189,0.0183,0.9628
192,wspoissonTest_midp,0.0203,0.0195,0.9602
193,AC,0.0183,0.0164,0.9653
193,CP,0.0166,0.0164,0.967
193,wspoissonTest,0.0168,0.0159,0.9673
193,wspoissonTest_midp,0.0181,0.0168,0.9651
194,AC,0.02,0.0164,0.9636
194,CP,0.0177,0.0163,0.966
194,wspoissonTest,0.0179,0.0157,0.9664
194,wspoissonTest_midp,0.0199,0.0168,0.9633
195,AC,0.022,0.0179,0.9601
195,CP,0.0196,0.0179,0.9625
195,wspoissonTest,0.0199,0.0173,0.9628
195,wspoissonTest_midp,0.0212,0.0187,0.9601
196,AC,0.0215,0.0194,0.9591
196,CP,0.0202,0.0193,0.9605
196,wspoissonTest,0.0203,0.0184,0.9613
196,wspoissonTest_midp,0.0213,0.0197,0.959
197,AC,0.0211,0.0212,0.9577
197,CP,0.0189,0.021,0.9601
197,wspoissonTest,0.0192,0.0202,0.9606
197,wspoissonTest_midp,0.0209,0.0219,0.9572
198,AC,0,0,1
198,CP,0,0,1
198,wspoissonTest,0,0,1
198,wspoissonTest_midp,0,0,1
199,AC,0.0061,0.0056,0.9883
199,CP,0.0053,0.0056,0.9891
199,wspoissonTest,0.0053,0.0055,0.9892
199,wspoissonTest_midp,0.0058,0.0059,0.9883
200,AC,2e-4,6e-4,0.9992
200,CP,2e-4,6e-4,0.9992
200,wspoissonTest,2e-4,5e-4,0.9993
200,wspoissonTest_midp,2e-4,6e-4,0.9992
201,AC,0.0019,0.0024,0.9957
201,CP,0.0013,0.0024,0.9963
201,wspoissonTest,0.0013,0.0024,0.9963
201,wspoissonTest_midp,0.0016,0.0025,0.9959
202,AC,0.0174,0.015,0.9676
202,CP,0.0149,0.0149,0.9702
202,wspoissonTest,0.0151,0.0146,0.9703
202,wspoissonTest_midp,0.0167,0.016,0.9673
203,AC,0.0115,0.0109,0.9776
203,CP,0.0097,0.0109,0.9794
203,wspoissonTest,0.0098,0.01,0.9802
203,wspoissonTest_midp,0.0115,0.0109,0.9776
204,AC,0.0128,0.0143,0.9729
204,CP,0.0114,0.0143,0.9743
204,wspoissonTest,0.0115,0.0139,0.9746
204,wspoissonTest_midp,0.0126,0.0147,0.9727
205,AC,0.019,0.0211,0.9599
205,CP,0.0172,0.021,0.9618
205,wspoissonTest,0.0175,0.0202,0.9623
205,wspoissonTest_midp,0.0186,0.0214,0.96
206,AC,0.0186,0.0182,0.9632
206,CP,0.0171,0.018,0.9649
206,wspoissonTest,0.0172,0.0173,0.9655
206,wspoissonTest_midp,0.0182,0.0184,0.9634
207,AC,0.0201,0.0193,0.9606
207,CP,0.017,0.0193,0.9637
207,wspoissonTest,0.0175,0.0184,0.9641
207,wspoissonTest_midp,0.0192,0.02,0.9608
208,AC,0.0245,0.0208,0.9547
208,CP,0.022,0.0208,0.9572
208,wspoissonTest,0.0221,0.02,0.9579
208,wspoissonTest_midp,0.0237,0.021,0.9553
209,AC,0.021,0.0217,0.9573
209,CP,0.0185,0.0216,0.9599
209,wspoissonTest,0.0188,0.0204,0.9608
209,wspoissonTest_midp,0.0204,0.0219,0.9577
210,AC,0.0223,0.0218,0.9559
210,CP,0.0195,0.0217,0.9588
210,wspoissonTest,0.0197,0.0207,0.9596
210,wspoissonTest_midp,0.0217,0.0225,0.9558
211,AC,0,0,1
211,CP,0,0,1
211,wspoissonTest,0,0,1
211,wspoissonTest_midp,0,0,1
212,AC,0.0056,0.0057,0.9887
212,CP,0.0051,0.0057,0.9892
212,wspoissonTest,0.0051,0.0056,0.9893
212,wspoissonTest_midp,0.0053,0.0061,0.9886
213,AC,3e-4,6e-4,0.9991
213,CP,2e-4,6e-4,0.9992
213,wspoissonTest,3e-4,5e-4,0.9992
213,wspoissonTest_midp,3e-4,6e-4,0.9991
214,AC,0.0025,0.0023,0.9952
214,CP,0.0021,0.0022,0.9957
214,wspoissonTest,0.0021,0.002,0.9959
214,wspoissonTest_midp,0.0025,0.0023,0.9952
215,AC,0.0162,0.0146,0.9692
215,CP,0.0152,0.0146,0.9702
215,wspoissonTest,0.0155,0.0143,0.9702
215,wspoissonTest_midp,0.0161,0.0152,0.9687
216,AC,0.011,0.0112,0.9778
216,CP,0.0097,0.0111,0.9792
216,wspoissonTest,0.0098,0.0102,0.98
216,wspoissonTest_midp,0.011,0.0111,0.9779
217,AC,0.0136,0.014,0.9724
217,CP,0.0118,0.014,0.9742
217,wspoissonTest,0.0121,0.0135,0.9744
217,wspoissonTest_midp,0.013,0.0144,0.9726
218,AC,0.02,0.0192,0.9608
218,CP,0.0189,0.0192,0.9619
218,wspoissonTest,0.0192,0.0187,0.9621
218,wspoissonTest_midp,0.0199,0.0201,0.96
219,AC,0.0179,0.0168,0.9653
219,CP,0.0162,0.0166,0.9672
219,wspoissonTest,0.0162,0.0152,0.9686
219,wspoissonTest_midp,0.0177,0.0169,0.9654
220,AC,0.0204,0.019,0.9606
220,CP,0.0188,0.0189,0.9623
220,wspoissonTest,0.0189,0.0185,0.9626
220,wspoissonTest_midp,0.0203,0.0193,0.9604
221,AC,0.0258,0.0187,0.9555
221,CP,0.0228,0.0187,0.9585
221,wspoissonTest,0.0232,0.018,0.9588
221,wspoissonTest_midp,0.0249,0.0192,0.9559
222,AC,0.0222,0.019,0.9588
222,CP,0.0201,0.0189,0.961
222,wspoissonTest,0.0202,0.0179,0.9619
222,wspoissonTest_midp,0.0218,0.0193,0.9589
223,AC,0.0194,0.0198,0.9608
223,CP,0.0175,0.0198,0.9627
223,wspoissonTest,0.0177,0.0185,0.9638
223,wspoissonTest_midp,0.019,0.02,0.961
224,AC,0,0,1
224,CP,0,0,1
224,wspoissonTest,0,0,1
224,wspoissonTest_midp,0,0,1
225,AC,0.0058,0.0059,0.9883
225,CP,0.0053,0.0058,0.9889
225,wspoissonTest,0.0054,0.0056,0.989
225,wspoissonTest_midp,0.0056,0.0061,0.9883
226,AC,1e-4,2e-4,0.9997
226,CP,1e-4,2e-4,0.9997
226,wspoissonTest,1e-4,2e-4,0.9997
226,wspoissonTest_midp,1e-4,2e-4,0.9997
227,AC,0.0041,0.0022,0.9937
227,CP,0.0036,0.0022,0.9942
227,wspoissonTest,0.0037,0.0021,0.9942
227,wspoissonTest_midp,0.004,0.0023,0.9937
228,AC,0.0152,0.0154,0.9694
228,CP,0.0132,0.0153,0.9715
228,wspoissonTest,0.0137,0.0146,0.9717
228,wspoissonTest_midp,0.0149,0.016,0.9691
229,AC,0.0128,0.0107,0.9765
229,CP,0.0114,0.0107,0.9779
229,wspoissonTest,0.0117,0.0087,0.9796
229,wspoissonTest_midp,0.0129,0.0103,0.9768
230,AC,0.0151,0.0126,0.9723
230,CP,0.0135,0.0125,0.974
230,wspoissonTest,0.0135,0.0114,0.9751
230,wspoissonTest_midp,0.0148,0.0127,0.9725
231,AC,0.022,0.018,0.96
231,CP,0.0204,0.0179,0.9617
231,wspoissonTest,0.0205,0.0174,0.9621
231,wspoissonTest_midp,0.0215,0.0182,0.9603
232,AC,0.0208,0.019,0.9602
232,CP,0.0192,0.019,0.9618
232,wspoissonTest,0.0195,0.0169,0.9636
232,wspoissonTest_midp,0.0207,0.019,0.9603
233,AC,0.0209,0.0179,0.9612
233,CP,0.0187,0.0178,0.9635
233,wspoissonTest,0.0189,0.0164,0.9647
233,wspoissonTest_midp,0.0206,0.018,0.9614
234,AC,0.0249,0.0209,0.9542
234,CP,0.0225,0.0209,0.9566
234,wspoissonTest,0.0227,0.02,0.9573
234,wspoissonTest_midp,0.0244,0.0212,0.9544
235,AC,0.0232,0.0196,0.9572
235,CP,0.0212,0.0196,0.9592
235,wspoissonTest,0.0213,0.0178,0.9609
235,wspoissonTest_midp,0.023,0.0198,0.9572
236,AC,0.0208,0.0197,0.9595
236,CP,0.0181,0.0197,0.9622
236,wspoissonTest,0.0183,0.0191,0.9626
236,wspoissonTest_midp,0.0206,0.0201,0.9593
237,AC,0,0,1
237,CP,0,0,1
237,wspoissonTest,0,0,1
237,wspoissonTest_midp,0,0,1
238,AC,0.0083,0.0073,0.9844
238,CP,0.0074,0.0073,0.9853
238,wspoissonTest,0.0076,0.0072,0.9852
238,wspoissonTest_midp,0.0081,0.0079,0.984
239,AC,0,0,1
239,CP,0,0,1
239,wspoissonTest,0,0,1
239,wspoissonTest_midp,0,0,1
240,AC,0.0029,0.003,0.9941
240,CP,0.0026,0.003,0.9944
240,wspoissonTest,0.0026,0.003,0.9944
240,wspoissonTest_midp,0.0029,0.0032,0.9939
241,AC,0.0165,0.0135,0.97
241,CP,0.0148,0.0134,0.9718
241,wspoissonTest,0.0149,0.0132,0.9719
241,wspoissonTest_midp,0.0161,0.0141,0.9698
242,AC,0.0116,0.0111,0.9773
242,CP,0.0106,0.0109,0.9785
242,wspoissonTest,0.0107,0.0095,0.9798
242,wspoissonTest_midp,0.0118,0.0108,0.9774
243,AC,0.0127,0.014,0.9733
243,CP,0.0117,0.014,0.9743
243,wspoissonTest,0.0118,0.0131,0.9751
243,wspoissonTest_midp,0.0125,0.0146,0.9729
244,AC,0.0216,0.0172,0.9612
244,CP,0.0196,0.0172,0.9632
244,wspoissonTest,0.02,0.0169,0.9631
244,wspoissonTest_midp,0.0211,0.018,0.9609
245,AC,0.018,0.0172,0.9648
245,CP,0.0164,0.017,0.9666
245,wspoissonTest,0.0168,0.015,0.9682
245,wspoissonTest_midp,0.018,0.0172,0.9648
246,AC,0.018,0.0186,0.9634
246,CP,0.0159,0.0186,0.9655
246,wspoissonTest,0.0161,0.0179,0.966
246,wspoissonTest_midp,0.0178,0.0191,0.9631
247,AC,0.026,0.0218,0.9522
247,CP,0.0231,0.0217,0.9552
247,wspoissonTest,0.0233,0.0207,0.956
247,wspoissonTest_midp,0.0252,0.0225,0.9523
248,AC,0.0212,0.0205,0.9583
248,CP,0.0187,0.0205,0.9608
248,wspoissonTest,0.0191,0.0185,0.9624
248,wspoissonTest_midp,0.0211,0.0206,0.9583
249,AC,0.0208,0.0202,0.959
249,CP,0.0189,0.02,0.9611
249,wspoissonTest,0.0193,0.019,0.9617
249,wspoissonTest_midp,0.0207,0.021,0.9583
250,AC,1e-4,7e-4,0.9992
250,CP,1e-4,7e-4,0.9992
250,wspoissonTest,1e-4,7e-4,0.9992
250,wspoissonTest_midp,1e-4,8e-4,0.9991
251,AC,0.0074,0.0082,0.9844
251,CP,0.0068,0.0082,0.985
251,wspoissonTest,0.0068,0.0075,0.9857
251,wspoissonTest_midp,0.0072,0.0089,0.9839
252,AC,0,0,1
252,CP,0,0,1
252,wspoissonTest,0,0,1
252,wspoissonTest_midp,0,0,1
253,AC,0.0024,0.0026,0.995
253,CP,0.002,0.0026,0.9954
253,wspoissonTest,0.0022,0.0022,0.9956
253,wspoissonTest_midp,0.0025,0.0025,0.995
254,AC,0.0189,0.0151,0.966
254,CP,0.0169,0.0151,0.968
254,wspoissonTest,0.0174,0.0139,0.9687
254,wspoissonTest_midp,0.0185,0.0157,0.9658
255,AC,0.0111,0.0083,0.9806
255,CP,0.01,0.0083,0.9817
255,wspoissonTest,0.0103,0.007,0.9827
255,wspoissonTest_midp,0.0116,0.0074,0.981
256,AC,0.0141,0.0146,0.9713
256,CP,0.013,0.0146,0.9724
256,wspoissonTest,0.0131,0.0129,0.974
256,wspoissonTest_midp,0.0144,0.0144,0.9712
257,AC,0.0212,0.0172,0.9616
257,CP,0.0188,0.0171,0.9641
257,wspoissonTest,0.019,0.0154,0.9656
257,wspoissonTest_midp,0.0211,0.0171,0.9618
258,AC,0.0187,0.0198,0.9615
258,CP,0.0171,0.0197,0.9632
258,wspoissonTest,0.0173,0.0167,0.966
258,wspoissonTest_midp,0.0195,0.0184,0.9621
259,AC,0.0201,0.0207,0.9592
259,CP,0.0189,0.0205,0.9606
259,wspoissonTest,0.019,0.0165,0.9645
259,wspoissonTest_midp,0.0202,0.0202,0.9596
260,AC,0.0228,0.0205,0.9567
260,CP,0.0196,0.0204,0.96
260,wspoissonTest,0.0199,0.0183,0.9618
260,wspoissonTest_midp,0.0229,0.0203,0.9568
261,AC,0.021,0.0188,0.9602
261,CP,0.0187,0.0184,0.9629
261,wspoissonTest,0.0191,0.0149,0.966
261,wspoissonTest_midp,0.0214,0.0176,0.961
262,AC,0.019,0.0223,0.9587
262,CP,0.0169,0.0221,0.961
262,wspoissonTest,0.0171,0.0196,0.9633
262,wspoissonTest_midp,0.0193,0.0217,0.959
263,AC,0,0,1
263,CP,0,0,1
263,wspoissonTest,0,0,1
263,wspoissonTest_midp,0,0,1
264,AC,0.009,0.0076,0.9834
264,CP,0.0078,0.0076,0.9846
264,wspoissonTest,0.008,0.0075,0.9845
264,wspoissonTest_midp,0.0087,0.0084,0.9829
265,AC,1e-4,0,0.9999
265,CP,1e-4,0,0.9999
265,wspoissonTest,1e-4,0,0.9999
265,wspoissonTest_midp,1e-4,0,0.9999
266,AC,0.0028,0.002,0.9952
266,CP,0.0022,0.002,0.9958
266,wspoissonTest,0.0022,0.0019,0.9959
266,wspoissonTest_midp,0.0026,0.002,0.9954
267,AC,0.0185,0.0155,0.966
267,CP,0.0164,0.0154,0.9682
267,wspoissonTest,0.0166,0.0149,0.9685
267,wspoissonTest_midp,0.0179,0.0164,0.9657
268,AC,0.011,0.0098,0.9792
268,CP,0.0099,0.0098,0.9803
268,wspoissonTest,0.01,0.0083,0.9817
268,wspoissonTest_midp,0.0111,0.0096,0.9793
269,AC,0.0142,0.0126,0.9732
269,CP,0.0122,0.0125,0.9753
269,wspoissonTest,0.0124,0.0119,0.9757
269,wspoissonTest_midp,0.0139,0.0128,0.9733
270,AC,0.0227,0.0177,0.9596
270,CP,0.0206,0.0177,0.9617
270,wspoissonTest,0.0208,0.0172,0.962
270,wspoissonTest_midp,0.0222,0.0187,0.9591
271,AC,0.0195,0.0191,0.9614
271,CP,0.0181,0.0189,0.963
271,wspoissonTest,0.0182,0.0172,0.9646
271,wspoissonTest_midp,0.0196,0.0188,0.9616
272,AC,0.0201,0.0198,0.9601
272,CP,0.018,0.0195,0.9625
272,wspoissonTest,0.0182,0.0177,0.9641
272,wspoissonTest_midp,0.0201,0.0203,0.9596
273,AC,0.0224,0.0213,0.9563
273,CP,0.019,0.0213,0.9597
273,wspoissonTest,0.0197,0.0199,0.9604
273,wspoissonTest_midp,0.0221,0.0217,0.9562
274,AC,0.022,0.0205,0.9575
274,CP,0.0197,0.0205,0.9598
274,wspoissonTest,0.0198,0.018,0.9622
274,wspoissonTest_midp,0.0217,0.0205,0.9578
275,AC,0.0232,0.0188,0.958
275,CP,0.0215,0.0188,0.9597
275,wspoissonTest,0.0216,0.0177,0.9607
275,wspoissonTest_midp,0.0231,0.0191,0.9578
276,AC,0,1e-4,0.9999
276,CP,0,1e-4,0.9999
276,wspoissonTest,0,1e-4,0.9999
276,wspoissonTest_midp,0,1e-4,0.9999
277,AC,0.008,0.0075,0.9845
277,CP,0.0061,0.0074,0.9865
277,wspoissonTest,0.0062,0.0072,0.9866
277,wspoissonTest_midp,0.0074,0.0082,0.9844
278,AC,0,0,1
278,CP,0,0,1
278,wspoissonTest,0,0,1
278,wspoissonTest_midp,0,0,1
279,AC,0.0028,0.0024,0.9948
279,CP,0.0024,0.0024,0.9952
279,wspoissonTest,0.0024,0.0021,0.9955
279,wspoissonTest_midp,0.0028,0.0025,0.9947
280,AC,0.018,0.0153,0.9667
280,CP,0.0157,0.0153,0.969
280,wspoissonTest,0.0159,0.0148,0.9693
280,wspoissonTest_midp,0.0177,0.0162,0.9661
281,AC,0.0116,0.0105,0.9779
281,CP,0.0103,0.0104,0.9793
281,wspoissonTest,0.0103,0.0081,0.9816
281,wspoissonTest_midp,0.0117,0.01,0.9783
282,AC,0.0139,0.0139,0.9722
282,CP,0.013,0.0138,0.9732
282,wspoissonTest,0.013,0.0122,0.9748
282,wspoissonTest_midp,0.0138,0.0142,0.972
283,AC,0.0195,0.0173,0.9632
283,CP,0.0185,0.0173,0.9642
283,wspoissonTest,0.0186,0.0163,0.9651
283,wspoissonTest_midp,0.0193,0.0176,0.9631
284,AC,0.0181,0.0185,0.9634
284,CP,0.0163,0.0184,0.9653
284,wspoissonTest,0.0163,0.016,0.9677
284,wspoissonTest_midp,0.0183,0.0184,0.9633
285,AC,0.0224,0.0199,0.9577
285,CP,0.0201,0.0199,0.96
285,wspoissonTest,0.0203,0.0183,0.9614
285,wspoissonTest_midp,0.0219,0.02,0.9581
286,AC,0.0221,0.0192,0.9587
286,CP,0.0201,0.0192,0.9607
286,wspoissonTest,0.0204,0.0178,0.9618
286,wspoissonTest_midp,0.0218,0.0195,0.9587
287,AC,0.0224,0.0213,0.9563
287,CP,0.0207,0.0212,0.9581
287,wspoissonTest,0.0208,0.0192,0.96
287,wspoissonTest_midp,0.0223,0.0212,0.9565
288,AC,0.0205,0.0219,0.9576
288,CP,0.0185,0.0219,0.9596
288,wspoissonTest,0.0188,0.0209,0.9603
288,wspoissonTest_midp,0.0204,0.0221,0.9575
289,AC,0,0,1
289,CP,0,0,1
289,wspoissonTest,0,0,1
289,wspoissonTest_midp,0,0,1
290,AC,0.0063,0.0066,0.9871
290,CP,0.0052,0.0066,0.9882
290,wspoissonTest,0.0054,0.0065,0.9881
290,wspoissonTest_midp,0.0057,0.0073,0.987
291,AC,2e-4,2e-4,0.9996
291,CP,2e-4,2e-4,0.9996
291,wspoissonTest,2e-4,1e-4,0.9997
291,wspoissonTest_midp,2e-4,1e-4,0.9997
292,AC,0.0032,0.0024,0.9944
292,CP,0.003,0.0024,0.9946
292,wspoissonTest,0.003,0.002,0.995
292,wspoissonTest_midp,0.0031,0.0024,0.9945
293,AC,0.018,0.0149,0.9671
293,CP,0.016,0.0148,0.9692
293,wspoissonTest,0.0164,0.0143,0.9693
293,wspoissonTest_midp,0.0175,0.0161,0.9664
294,AC,0.0111,0.0114,0.9775
294,CP,0.01,0.0114,0.9786
294,wspoissonTest,0.01,0.0102,0.9798
294,wspoissonTest_midp,0.0112,0.0113,0.9775
295,AC,0.0145,0.0123,0.9732
295,CP,0.013,0.0123,0.9747
295,wspoissonTest,0.0132,0.0112,0.9756
295,wspoissonTest_midp,0.0142,0.0128,0.973
296,AC,0.0208,0.0167,0.9625
296,CP,0.0184,0.0167,0.9649
296,wspoissonTest,0.0191,0.0161,0.9648
296,wspoissonTest_midp,0.0204,0.017,0.9626
297,AC,0.017,0.0187,0.9643
297,CP,0.0157,0.0187,0.9656
297,wspoissonTest,0.0158,0.0174,0.9668
297,wspoissonTest_midp,0.0169,0.0187,0.9644
298,AC,0.0193,0.0178,0.9629
298,CP,0.017,0.0177,0.9653
298,wspoissonTest,0.0174,0.0171,0.9655
298,wspoissonTest_midp,0.0189,0.0184,0.9627
299,AC,0.0224,0.0193,0.9583
299,CP,0.0206,0.0192,0.9602
299,wspoissonTest,0.0207,0.0187,0.9606
299,wspoissonTest_midp,0.022,0.0195,0.9585
300,AC,0.0207,0.0214,0.9579
300,CP,0.0192,0.0214,0.9594
300,wspoissonTest,0.0192,0.0196,0.9612
300,wspoissonTest_midp,0.0204,0.0215,0.9581
301,AC,0.0215,0.0216,0.9569
301,CP,0.0195,0.0215,0.959
301,wspoissonTest,0.0195,0.0199,0.9606
301,wspoissonTest_midp,0.021,0.0219,0.9571
302,AC,0,0,1
302,CP,0,0,1
302,wspoissonTest,0,0,1
